47304
13663
10913
13023
21765
88817
6228
37416
2063
91314
65676
36200
52174
41913
84440
66801
26742
71290
10245
28838
39483
27210
69895
22544
87988
49814
63705
58892
17105
70887
62457
80761
84550
73370
93784
22667
78540
16365
60084
80603
7679
42112
33155
59853
84026
33947
43006
27120
5237
53252
55959
44721
96814
42206
83617
84803
8372
47322
43695
41830
18210
6153
22591
19112
95875
16376
41780
74415
32741
18216
71370
56772
60328
20877
32978
60706
54825
75984
87827
76414
45588
60138
37487
42403
18696
21105
43558
43421
68427
87253
85251
2989
9758
7842
22102
5634
24218
80234
96401
73311
98450
84124
46436
75130
5001
79414
35837
59826
71750
40016
36241
33691
154
73728
92446
35202
94833
36004
78623
79613
39609
63874
82602
49368
88069
21056
71354
12287
1290
84107
1951
16092
68231
64739
91223
73233
44153
43412
49411
32255
99780
85652
65946
16286
75733
74744
51488
86918
10748
30112
66531
66710
10338
65486
32430
98407
86542
3784
27047
87833
4243
45350
20277
72475
10089
27852
62060
54242
87616
11471
2849
87396
13476
85148
3682
89209
59892
55171
92479
86993
1635
59011
53703
11973
24497
86133
26733
27391
6269
53780
15224
10512
99130
51854
99339
9219
79706
61399
79813
67323
89223
82662
54719
19051
84162
58402
24612
44055
29925
17091
31048
47912
92454
84751
76237
33303
70884
2970
60695
93505
73102
92271
4017
88584
44125
3357
97803
23832
81108
93968
91155
86683
92983
62226
5734
77145
36980
46698
37552
66905
63790
68600
31169
56244
69703
7407
5900
56939
26729
66595
50444
99832
58866
70814
88416
2992
90523
2572
26824
87983
96540
34331
74667
5875
96557
96753
99373
49890
43452
36925
33147
7242
21878
64317
79838
7933
71724
85738
81225
14805
68685
31669
14637
27552
18835
3054
46896
9358
21978
90072
97342
18518
24403
72009
40746
37312
85114
40119
3554
28566
93396
36702
52160
15274
1019
48351
39560
89095
50441
20785
3900
19127
68806
34890
63031
87642
54296
9927
97000
76274
99999
10694
11144
40754
99055
51890
94418
84170
8361
97973
29088
1758
51027
81249
33384
52046
29600
72944
57493
96393
93729
77745
31872
62536
12635
94903
66530
66931
21182
63530
59557
37533
90577
70702
78287
89632
22592
89058
73802
47306
3383
2891
65416
54410
492
98800
22808
46444
88097
80301
42837
81826
74398
74710
60714
3386
85965
27244
86669
7148
7127
46227
44681
97704
16929
39321
87336
55873
44731
77491
3179
48114
96734
68595
2524
97226
83748
41684
43670
71845
21985
2859
70023
12735
77569
47090
16121
79887
74334
2791
87035
97813
49018
48068
11869
65947
3741
15558
38172
48472
93049
41352
96586
6135
26299
15462
3361
10047
57146
63383
81892
95483
66242
68268
8219
60164
15358
24340
40051
6044
43483
43438
3858
92501
91506
15727
58448
95248
47637
12973
60072
40686
54325
73011
46821
96976
88473
66534
7024
61972
29917
5268
73807
12512
73536
98378
72676
5246
22719
12727
11291
66202
72517
15149
75056
64023
47228
49856
75623
94866
62829
35696
51904
17154
8707
15078
30483
13532
97964
37507
91856
27882
59127
65664
40394
49016
64042
29422
54262
3113
58501
65553
85668
31018
97054
60724
11393
60635
10580
87017
71853
89762
39065
23757
23268
47772
55187
53751
61304
53152
7610
53161
97386
66738
35177
54132
15754
99219
99906
86368
18685
58407
51922
4353
5777
65328
81429
17170
25963
92009
20539
14168
98123
59604
54278
21392
7376
9465
75143
85033
78969
82754
54546
92707
49492
89723
63191
81598
5294
63097
84318
23979
37856
52592
44684
43633
17921
26113
77156
60236
34475
97695
74405
32598
57300
28683
53990
81028
54500
45486
82413
49822
28240
53311
42529
94084
59386
5721
92034
64681
85170
76352
5012
23027
28945
49697
66660
63218
75810
43816
23454
10285
57864
14211
59236
31516
42894
13226
28896
13747
58712
11310
63569
3304
64621
6098
97388
24008
28171
5774
5041
13342
82127
10053
52721
27424
76102
35733
90642
51913
95902
30448
78550
53766
44660
54138
85282
3906
83717
14178
17653
42429
41840
81222
62086
22814
3673
75826
46822
48196
81601
68215
77890
80080
94620
30611
7504
70723
82697
14498
38988
78599
44946
17538
32365
89606
71677
33999
93513
55394
48177
11166
14175
6370
8741
92613
29184
28766
68440
92358
76962
66393
60573
71205
46473
55193
18168
70329
42268
865
84827
81256
79464
29773
98795
28181
19380
86824
62180
29245
58570
26710
40411
89097
33080
65504
81711
62264
94270
66503
54622
87585
32896
31547
75142
95721
3092
93310
66050
45361
94176
50877
26617
89992
97002
41764
18174
16382
44940
96706
45627
3510
23416
2391
8960
56496
84247
7023
35112
78518
73526
6086
82455
22774
37633
57597
18495
40726
50907
84545
2439
61435
51774
29056
67780
48776
70821
85954
81511
15761
82660
43490
35624
6077
45881
44584
78925
30129
51607
14038
24999
41485
20124
23806
64259
74110
81403
99106
31188
48662
83651
33627
26450
51777
62683
94230
16905
49856
80184
98416
65618
79196
58259
1242
1625
20492
62178
96903
66973
30137
10941
8324
71622
47417
32130
52233
37879
13533
51339
69067
78548
51342
2694
4998
3119
65378
99228
36376
15234
95764
51145
97204
74960
9404
14798
92938
29896
93328
89841
13222
23465
17134
21546
11439
80903
53677
63672
18783
83562
15011
87850
62110
66353
90545
67108
85824
72275
66336
22201
3861
62100
89698
17418
37061
99102
32216
46351
45350
41897
36192
74924
65362
69678
96471
76802
50581
50148
56826
69364
33710
71838
73567
95821
54543
80464
79281
56720
69091
45618
95273
72952
7718
84971
6722
61131
425
55291
7482
62127
97188
60026
37052
78902
29704
33523
55704
96638
23
28883
66002
50085
17073
55921
62258
71616
36385
41540
44688
5476
87158
39961
94781
11228
41284
1503
88712
41709
56794
96194
20189
70334
72573
57241
49237
18629
7116
21293
15267
23491
50176
97622
73576
67249
53543
52187
55218
89929
10079
99906
11757
97237
39868
6538
24817
81152
24394
13529
39214
97540
26076
59403
67875
98649
32996
17112
17278
56464
38405
48898
79955
4934
46520
69883
72183
63
22070
27401
6344
32149
43660
18102
45738
83528
40992
70556
81032
65386
437
36598
79279
26513
12353
47154
41514
45349
80618
75145
1813
35375
24043
98120
40309
70563
68004
28845
86978
6426
72598
93323
54928
16258
27777
666
99786
68769
87574
97171
50508
4364
33769
29787
30877
62475
93293
72392
7824
73911
63889
25990
9286
87932
24110
65948
74847
8466
94793
61825
14893
67391
55148
69821
83650
99277
86839
99788
68047
90766
13311
34907
95130
63433
64694
42359
25908
74339
31103
50084
48250
94992
76074
73888
82924
16537
39836
57771
25003
50981
35949
39896
18373
7449
26069
18375
6727
29261
18163
91126
20027
31475
26033
31509
94908
7079
73868
37168
81418
4972
87252
29668
16316
63327
19908
15593
96216
59745
89716
21219
10726
25665
77468
45451
33115
3537
63826
39842
49150
98342
30968
69177
46169
73353
686
57429
80432
90907
94597
78202
12231
81849
24222
28547
61528
44130
44140
57744
20227
33857
78964
47306
59522
72784
92757
8989
92673
72936
48831
41824
71278
96151
11001
33799
85856
28040
91228
82640
18947
85825
60842
31178
84026
1416
76077
45555
45547
20218
19651
82126
70427
14967
29432
46301
87751
22190
55291
80425
95126
20474
38601
82756
16626
65954
16555
18834
93994
7783
1475
29293
9960
62317
76823
10338
80086
52901
72245
25633
89471
91897
24111
59898
6864
53544
22551
10968
75734
77842
7745
87212
98317
46346
69968
31295
28652
2875
50129
22647
10658
67956
68292
36970
46626
61468
47308
26712
14369
19554
68697
20192
27803
92808
96442
51019
46352
18993
61987
38438
96836
86084
25650
11505
48782
11970
42800
77435
14845
9281
16434
41855
77238
84726
78825
40216
46194
42486
66928
76915
62040
35625
13459
6195
44785
9901
57214
91138
28895
35554
29576
42083
21638
71579
53588
86773
99901
12740
64208
14747
38373
80642
56602
31963
81720
51780
72179
44267
94266
55459
21182
72658
91084
34642
78853
35870
60895
52419
43360
89790
4325
89288
31873
25964
77219
1813
29089
77121
30905
93297
91868
69279
90291
64822
17594
72011
16602
89774
16278
27220
45233
53813
16230
52670
4807
11435
4892
65702
63855
64604
71845
68180
53892
3718
10496
31112
21884
39585
24585
52789
49234
16453
38420
39525
97627
56015
27889
30582
62141
60519
57802
23726
30684
74033
76396
35491
85468
97640
17546
65675
62244
89391
33856
32489
9461
60704
79953
31345
16642
4538
487
65876
20991
55259
21754
18618
11274
65995
49200
89767
26514
23355
13494
73551
97388
6242
9042
99208
3883
26588
64884
82479
15979
15092
14968
41793
75796
94921
73138
92438
99459
89977
74667
36802
45237
96421
71773
56511
62416
37325
46279
5282
60680
76125
95185
74420
82367
4228
89981
2602
47168
54865
85082
79500
86309
16402
21293
62105
27676
10783
70896
27135
761
45563
80290
45998
41984
52063
18861
20752
89388
81492
42386
66421
73969
37572
57193
56337
58152
47174
75291
21672
18391
76725
1172
4700
93128
38817
83158
20804
65953
54054
64291
83066
99617
44581
45416
41601
12996
64277
78705
18737
62122
21091
85158
36091
58663
58703
8780
33167
22230
84072
54840
40621
77149
72364
61674
70277
27534
44832
7433
93487
98886
71725
76553
98503
32658
21969
56456
45655
2598
51513
64392
64720
72604
65902
17164
47620
24605
42296
97139
63187
42720
51979
3809
19870
24344
81835
90147
51878
26667
13933
61717
41905
85658
54622
56760
34668
76591
29568
80323
95541
81081
61067
60262
70037
26969
93778
34009
67927
36074
31149
31114
78795
83128
51275
98665
23824
33110
5164
92054
76129
19097
53771
18034
21107
8393
74794
55776
1336
20714
52451
96878
1795
13519
73492
71833
40488
83622
5842
24767
19696
53343
55882
14843
36472
23509
29860
76648
56620
51377
68703
32749
70474
38826
67136
7934
63572
58282
63710
64908
78997
16161
78138
80792
46032
51630
68977
2873
35252
91172
27640
71301
44515
99874
2496
97339
23384
48709
73988
80004
86
59043
29105
86912
97869
96241
94846
77793
54524
74908
42702
33521
91070
37192
30665
53454
5175
99643
56327
56779
90815
83968
44432
51682
194
46929
49022
23578
11990
23010
19934
12076
82053
65392
15340
96274
61633
10187
74068
16157
85095
33122
66030
92517
70314
96696
45972
75489
12691
18651
32269
19858
18971
93053
71540
19166
39982
20562
59096
68324
43572
79031
96752
41977
44423
12093
38252
22408
38632
12320
54918
40079
45442
20948
48949
32108
33996
11273
23950
63039
29924
72571
82897
48896
65624
54438
84414
21959
75000
43510
90283
34925
38893
87036
76902
99668
15481
15154
22077
54113
43826
93347
94192
5620
30647
43141
37729
64644
70766
61679
27683
691
34250
26933
49587
16226
81371
50353
38185
72723
93863
28469
7648
32757
31857
84551
48777
63690
16057
70854
17803
76236
64201
28347
81856
94849
87841
35937
75845
58607
97616
19880
75650
48218
63165
25237
80797
44536
75590
18982
17260
85806
63803
24908
34915
12012
25811
83692
75702
58221
54547
93505
34457
35100
38205
16313
46301
42398
52251
38498
1005
66219
74731
76656
30790
37896
18245
11587
98785
10188
30569
16045
12346
10725
57305
47261
22737
99469
30953
98440
57690
1852
8297
92147
53305
62854
24812
15958
5252
77063
54457
22610
59635
45540
15618
90425
83436
50215
18364
98573
60403
65285
14618
89101
76010
88276
36362
15100
87745
83668
29892
61787
85520
54541
70286
38825
17396
95098
71136
39000
88514
25593
77962
64501
87485
93580
54926
87273
43796
89642
85847
20551
54927
16817
9653
30938
5093
62367
62390
9190
46035
92282
70977
31556
46823
41263
86733
80571
52714
57869
19572
57580
99814
97534
22081
87299
7467
77007
90925
51263
66649
76772
88166
37928
93589
14171
85218
15035
76539
47608
24225
22574
39890
11555
70482
3066
69170
73568
83637
21884
31437
19561
79464
47604
33448
1545
51255
40915
94904
42180
8530
77905
18952
96696
15834
28894
27220
17404
43929
3759
65013
68154
42685
21255
79709
13168
24321
65232
86736
24311
87116
34525
60224
82933
82129
93672
830
33385
50939
12087
75565
75821
6344
10870
88870
22178
39764
16090
55935
83693
19849
20948
68199
78886
42203
64261
92054
82877
29493
95142
23540
32961
29668
116
32246
28149
10141
33077
77886
61080
61516
69804
53254
67860
80674
42124
6391
36790
58214
62326
36835
78063
83274
5034
56949
41829
69295
65356
41058
15140
76850
80950
48102
6518
81067
80348
51020
7560
29777
28906
84992
91293
15062
38246
75506
95736
80370
81897
48878
38584
44223
85713
32999
43849
90748
6301
85678
76395
71657
43089
91536
48507
24039
55990
71378
21458
52690
38750
29018
98820
67656
14011
90113
82719
52257
81971
94807
32628
63868
60038
87564
8091
45751
20564
51940
52851
26865
53971
29247
14874
13412
37135
79733
37451
9477
67463
75262
62167
6213
20632
60987
90222
34643
67453
89293
3253
49424
452
52233
13293
60490
39797
37736
6242
60361
6029
75445
3578
60000
21044
18452
73412
58179
14538
27215
67656
82001
18829
46176
88215
39462
7163
78437
74105
90968
84082
93710
40393
84534
45943
70038
45025
2093
7774
67619
62454
30155
43064
82385
90155
64109
17189
79919
38640
31727
23487
22649
30081
42316
68825
34648
81778
75988
29437
72236
83309
13519
65946
23702
98053
28242
10092
43078
30335
17866
27049
9141
48022
70114
91526
54529
50575
8716
50801
5567
56795
74288
28216
86876
32956
97041
21524
14735
89382
50961
86971
72691
80832
69269
12745
78886
97511
22837
38316
27846
57055
65366
36988
21429
51832
44866
75959
18759
53582
43112
24326
26730
33752
52543
29958
66708
65936
67835
97795
55318
35148
84766
44361
15981
70388
57106
94867
67899
79943
49535
12098
36999
14901
65438
74780
83085
10304
50739
1844
80239
93851
26171
6969
27603
95066
36927
10664
61002
4762
8459
32673
39911
9578
77034
55892
79966
34141
67111
64217
30436
16646
76315
83787
47900
41753
58568
30985
68410
25659
49182
48649
35863
91705
55618
79818
86771
8897
90482
64125
13660
98942
96798
69923
8520
90185
42167
4838
40678
9278
69055
87466
42276
61723
71254
90176
19828
46174
37514
88238
88185
86696
36887
24048
78401
8857
3867
81524
17755
10701
45649
47767
25995
58800
34042
34515
48985
76209
55705
89663
1839
41113
93481
60467
2836
64735
50644
39016
27261
4510
43607
15447
91206
96846
55847
85959
5704
76066
67483
39811
86768
29484
3930
12763
88284
37972
63631
53621
30533
35688
59636
32372
76801
53118
92839
95989
34205
59835
35006
61467
80697
94965
93266
71903
91811
49113
57862
13867
41532
41697
53678
28300
71182
57608
57415
59466
11932
37398
13088
42465
73087
89076
91189
49888
42194
381
62230
76400
60216
13588
54219
57266
8553
47485
29169
364
12950
3384
14232
54482
61433
67910
99134
32615
41871
56550
8434
53803
93948
21522
12621
83387
10598
3810
49628
69145
4191
11858
45545
80760
25446
99764
38026
33999
63601
83547
50715
76551
3283
64947
31034
64717
49210
30168
97332
91081
3070
5766
61236
13371
43640
90209
96758
70591
94020
62738
56088
14563
90948
1633
95323
32746
17749
49701
66745
81350
33249
17461
57901
52884
98760
5287
17601
47970
51808
31286
55403
54878
53404
32992
68249
13397
23201
81360
340
33573
60450
56428
48137
51399
74413
59812
84145
92162
9514
67243
73512
59115
1056
47765
28351
99816
53053
45953
64139
4861
93591
19542
59739
46995
68886
44341
76744
8440
42053
77084
42013
2503
49864
6502
53902
24277
82667
54400
16439
8533
21643
6303
84000
22699
54069
12351
22515
23474
74656
3006
28335
68247
38901
4426
31595
7787
65119
24691
16227
7172
1776
74593
26028
67992
97447
79930
92270
80114
34330
25061
88647
72325
47717
72647
95024
18138
84999
33892
41612
59655
36898
86299
44255
75799
7077
92202
99939
72197
16893
32518
95721
35021
7111
21749
3014
4559
18032
11636
84673
68714
36697
89673
41040
766
62320
52416
18904
47319
86308
60516
23327
39559
63167
67582
31710
70245
59784
31649
58794
93029
80520
70867
28051
87631
92617
31065
8542
27001
42701
9568
12067
95750
99241
53107
12869
77913
21876
31773
25233
8184
8642
64912
64095
88161
48846
95806
58406
8630
43807
33552
1659
24327
4420
46062
28311
13389
77127
53205
40390
36180
62773
52457
48283
78366
21917
61152
56280
43793
9277
97865
68329
34271
62777
32425
22433
11623
44583
80839
36605
4742
30744
54616
29070
35164
679
73733
48553
94158
26938
5295
30339
6064
74104
94974
782
12373
72478
73414
56166
81755
71279
40848
16027
50408
89625
38460
78383
34208
35651
31340
55302
66395
85957
84372
17911
2988
74457
82816
97146
17748
88111
43837
40164
78568
55163
40946
90941
27641
30713
63460
9397
18344
4308
25424
85105
93933
80236
63488
44493
15887
11181
99795
98635
13490
520
32898
16478
91329
15715
29976
9077
20178
90166
49241
98746
45329
6540
6040
72971
53605
69500
82368
71949
90160
24144
57054
84093
20732
36895
44938
52971
48076
61085
51606
61566
61605
84505
94396
52935
16572
24372
78364
36750
14538
43958
51849
76220
66850
57889
49191
20455
27389
47911
8756
17549
72055
82163
17994
92787
19058
79284
45758
83486
40369
13717
45052
18327
14574
55800
87614
31146
80172
65978
84248
11063
26288
36097
87283
93138
93986
52826
29945
37727
737
38702
71628
89144
20865
5974
81931
56275
85258
44041
39761
41980
74110
1165
60307
88684
56965
47921
36182
53489
13899
20431
80904
56540
72880
84539
49678
83219
37365
79624
20946
54454
34678
8927
43598
71895
14901
41881
28170
16512
85923
84283
58492
60033
85448
18799
65070
58765
66720
1252
28606
96971
38035
25863
53511
10916
10402
19542
10487
64120
15518
47785
18574
50196
56712
78525
22091
87966
20406
66613
4478
6329
50896
62970
82715
52696
98121
64137
27813
64841
81741
56419
78164
36129
82282
48028
63397
9037
67570
73884
89509
83088
21669
24435
49636
78382
2960
88079
82700
23367
54692
87178
46048
5588
66500
45115
74636
64621
9252
2449
45814
7346
58868
40330
43475
57503
88358
6872
82892
72280
80756
72401
71720
18777
96836
21356
13511
16149
9435
96211
39516
64127
99741
1916
86067
66241
47032
60703
47214
72636
79504
93028
96334
54725
33359
39809
12228
38069
46681
11472
10350
43789
83873
82070
62567
97061
19779
76078
13210
29214
88642
69078
9694
88383
70995
95761
54625
34379
72817
18191
23367
68673
11220
19702
23398
60931
59511
51978
15352
22545
63450
25702
82686
47323
24125
45253
60737
43904
37684
73947
89470
42678
59378
99164
31061
46725
11278
2038
81104
447
20230
20823
69120
47802
40525
92519
8733
16389
44497
24085
55286
24300
66140
37972
71623
6617
99578
48712
66873
53614
39012
56343
96292
98390
55508
27353
45115
83138
29392
42571
83585
65974
63394
69057
13776
3920
77928
22509
36661
22426
62946
91947
46726
45438
29919
34701
52055
29497
99766
18928
83111
38778
75272
79403
37168
47132
23109
98635
46622
68853
41206
30207
34827
4600
15616
48603
24872
93545
71112
61533
32323
50410
53480
95401
95849
99752
46454
64256
29249
46220
83185
28713
84998
74809
24468
22166
38293
47577
37153
84915
16430
78359
31474
51257
99312
47090
99860
24184
56987
87324
2070
89310
54087
55550
84711
49936
71654
31166
30544
904
77386
13729
45969
78737
4890
70437
17255
43183
18015
54409
28098
50797
32768
75924
18407
32080
23015
18267
72617
80002
21944
74687
85665
76031
46589
70376
42319
18244
17894
72863
35500
11633
2945
81469
90370
7835
68258
7625
51019
2625
78386
95469
53423
11155
71394
71830
59587
10761
6449
48556
7115
28393
23243
92780
20776
86185
79509
79447
20781
13755
52311
72633
25388
55256
70454
32110
79443
38712
56088
30462
41338
34474
25932
11113
61981
13678
99295
21569
24439
5744
70125
31554
50490
9721
40687
87618
12258
20196
67066
49391
33951
35729
22024
75692
90985
8830
7802
70428
47542
80242
17243
5232
31069
59527
16345
93050
73205
31992
30971
13996
54089
17449
61902
4579
43522
2589
8549
55780
22785
75615
21523
73089
11344
59899
48781
18681
68729
72935
5462
16271
53178
39057
37856
84247
98584
70553
93649
88141
2546
24621
2137
56635
42070
80391
77566
85592
82981
86115
57724
22118
78083
95599
95207
5779
55498
60340
24461
24227
49628
46275
56850
2806
85332
94706
3405
268
65260
13406
88409
67806
38027
6898
40793
96449
87289
18359
98393
86622
4474
72469
25093
98909
68068
36652
4689
23566
96993
45502
47793
46621
91777
4644
65779
93461
15702
85536
93729
80962
98942
98490
65120
53322
5388
5913
66123
9029
24272
64517
12004
45099
36986
37097
44008
5055
73749
65049
28621
70742
10551
92767
33715
18680
13763
15846
12141
29465
1382
22222
10428
16677
20712
75548
86351
42452
97814
52474
51482
22086
16991
63486
83537
70330
16935
27546
91737
90684
8947
36710
77779
19499
29477
27846
38179
43240
43693
66673
89058
45075
5247
99486
78104
25960
91386
64455
68412
89200
16930
36246
27639
50273
16084
11176
36955
33019
55074
28692
40056
64022
65403
17835
99873
11232
45681
38052
70825
89374
21077
59883
50802
26325
59369
28906
68637
67107
9714
53401
72660
26644
89648
299
93269
22084
27827
30225
55104
82902
58917
95160
63276
40672
29347
63149
51905
75028
17553
22730
80755
38631
82613
47909
81308
58334
93167
49945
41793
2881
3346
14453
45877
9346
31104
55499
31431
58932
85724
2887
58186
60993
14399
21462
18018
43746
84611
69923
35126
2164
9005
32233
40795
7970
80142
38455
82656
73310
88400
24449
92543
8099
55255
38421
33797
86359
93920
65228
61643
95996
84467
19829
73341
98866
41291
91359
58964
25902
77634
94091
44419
86639
42676
85214
10961
22819
40022
93617
12481
44774
34419
21376
52873
6026
76149
3023
8737
70069
84603
70381
82417
69071
6562
55759
84289
47854
47118
43254
90108
24753
53697
34527
27744
96373
36094
38706
35544
76116
48675
64377
20890
99446
85754
90116
5472
61903
9491
14210
48325
94094
943
47094
63165
7505
2853
63807
55359
66324
7061
61820
7429
77110
96347
51525
73483
32441
6583
25380
24909
55259
89757
62152
54705
91863
68620
60178
70119
78111
90740
18444
72205
91683
65538
51723
15540
84744
15530
70900
67420
38943
32720
74849
16053
45419
26374
89536
94213
32958
31268
19122
4569
21026
97626
59274
29241
66246
35804
99360
44357
42896
34156
16563
50931
16047
84638
66472
791
168
53724
68211
39111
2796
43060
71516
48215
85786
77404
42428
35096
8673
77903
39665
46051
75529
15292
75292
58128
67448
74653
2485
10345
25161
35400
61276
41208
36390
44100
41999
36558
97824
26562
92021
620
85974
63537
48836
71761
40942
7616
23209
65967
1871
62875
12018
77401
78167
87310
51881
61967
78315
54366
72312
3477
6119
49941
44685
42509
94041
3037
95420
91866
29599
3793
92486
15574
83683
57674
3687
40977
65291
26896
6944
67162
89771
18962
60915
84290
22624
12796
46258
940
83515
34922
20769
5986
1215
81806
48495
95257
84843
60267
3475
30795
64061
12313
46369
47744
86340
50056
88721
67983
76952
12017
51497
83076
30979
12413
83718
53603
41561
46328
70895
41428
81251
8016
47414
82466
89823
12262
94075
91018
88881
13902
21813
69294
26216
68182
33390
12556
34590
22111
80539
27895
34128
32036
27323
81459
60801
11041
51415
18715
57370
22310
60143
54973
30327
23910
53791
36502
52524
47867
27520
57757
61769
49334
27052
4337
33868
60442
16893
84811
98906
13784
12706
49386
45821
40029
30846
22974
67422
82261
41689
24792
20923
18185
96117
51250
58447
49909
4104
10971
97776
31625
68728
75897
97311
12132
80235
47531
72575
13480
32342
71481
43617
61400
20867
5790
17781
51713
28764
85204
50326
86806
26348
71250
4991
22466
38852
63438
72375
42957
90761
86503
90934
75841
62400
4597
87974
58987
52128
76901
88820
823
48382
32437
62223
85601
38227
96357
53667
83343
81561
3993
70149
7909
91595
91492
30375
30448
71282
19102
89757
78395
5605
97043
54237
84358
1640
58563
59697
70120
35464
48517
70943
198
97306
49519
85799
51885
45876
39466
51581
43789
43460
21730
68050
51407
29575
98426
81855
857
33880
87964
79253
39486
1359
49842
23844
19351
24757
83541
89472
60221
48411
76767
76771
45717
26286
62570
13955
88514
2037
65536
48655
61849
3618
16706
13256
49545
31484
11464
50403
65364
15780
46008
4850
17140
12202
45046
36491
36959
28588
42315
13532
93351
19083
90303
55420
61721
69225
69375
66588
71262
51263
15243
49463
71234
31949
62720
20779
63433
90536
87534
45150
6316
49894
50000
39808
62096
95047
76300
15407
39987
18615
45291
33338
54050
51946
5110
15772
21172
74486
82360
8786
42101
97603
58250
13335
45905
37322
34115
25690
44210
21649
70840
50526
71544
37193
6687
49992
48592
99339
65400
88579
34306
27043
38269
88357
78990
43379
20481
162
34217
2841
25300
76319
16796
83550
6006
79053
37224
56473
4744
81434
94475
91936
48313
82371
29129
55000
32363
77721
70691
14115
66300
4997
41159
20921
93354
36501
80653
13835
36663
14870
33028
61963
7541
66177
61866
29900
45230
99090
86373
49974
96877
80848
41911
61542
63219
71040
16542
11935
65114
87233
42402
47766
8582
83561
68688
1937
20062
65693
32124
73077
80563
81505
51393
4457
47682
13259
50709
92912
28701
53434
59239
41930
34283
1150
3472
13854
88542
20014
42141
53656
23599
84544
1423
32182
84457
86463
50471
4520
52156
98947
93949
49071
80452
45342
69880
44486
74953
20589
37399
3655
74024
96638
45585
24659
14140
49058
54865
2682
85424
97007
72691
25376
81551
90466
73910
66008
76929
40733
86880
29085
39680
80830
94508
36485
42524
64389
80971
17478
1330
34722
37485
75354
31360
83070
16365
61852
48480
71231
80887
50257
68238
53578
75633
66141
44044
65895
48501
20973
6628
51734
66410
62660
48916
60918
99145
91440
41659
96469
8918
42990
31191
46403
18344
78904
45826
51062
57108
10658
22293
37995
60915
6883
91573
52900
89376
35617
35147
37877
72942
41775
5963
55704
4436
54879
16623
19933
46320
58282
32754
71590
17624
63946
34346
52321
59202
96524
3383
16310
7182
25676
54306
84450
48911
62231
53702
38287
14201
88850
92516
87143
46977
98480
42848
51413
69711
75823
87699
16031
50457
20453
87622
68082
751
21968
20403
76305
34844
23786
92616
42026
65814
63274
42828
14725
41857
96531
69364
56058
1733
78232
59554
48710
93064
2402
16476
62776
94577
4175
78807
45034
24628
82781
13116
41732
21101
49871
18037
55945
73657
27005
14324
55823
90279
57152
70548
48489
53683
56264
4547
55416
34497
64101
20479
27561
82855
36955
6689
77432
41130
85497
38819
82110
84630
51935
23842
5732
1807
41880
78029
91816
68885
92353
47640
75517
49506
34540
40358
19541
90805
44905
74958
41654
25359
95437
85567
24566
32392
92257
18351
89874
94106
57170
71984
78736
9105
12179
820
27264
70411
78850
35433
55648
71203
99425
31165
37061
33965
87875
56603
41122
49133
47913
82776
74492
59702
84696
15410
8446
93305
33761
98320
87411
90931
86656
82499
16389
15187
83320
60005
85598
78522
95438
41247
66077
94863
88764
3139
45181
76640
76094
86303
25773
24007
85432
16617
83709
86480
32027
92155
79785
65789
6827
67196
73072
93483
66047
89461
8671
65719
49467
10621
44241
61257
51868
26671
72473
56985
46162
34006
33625
22256
36661
75750
62615
22093
92367
46324
24925
40746
54831
4710
6535
61658
88258
79608
71493
54306
85421
96516
20025
51240
7138
80619
12498
75358
23642
1323
32343
69804
35329
82320
8412
71990
58070
71027
10436
50437
33703
35361
7536
4886
56424
14071
82896
44682
10031
54389
15340
95453
50906
35366
46693
74396
32337
75543
66106
72331
93218
98450
42135
28547
80770
66899
16890
55193
54278
27326
5630
4333
62687
29518
9219
19111
43590
92115
80146
69973
62856
95486
81778
30114
47204
44824
4510
95893
20367
70617
68224
29938
85419
10359
58485
66189
93610
75375
21382
47888
2701
43365
68573
81741
72883
77792
17204
32825
69907
13702
2799
49116
9189
929
79230
72745
45753
83741
68639
82473
70710
36863
12411
56129
63575
70896
38670
57185
62624
76405
21426
81677
19770
89999
79770
9005
84144
13327
58183
70403
27029
77334
19519
52570
78263
98750
25316
24017
98843
93955
6490
69553
47170
18901
42034
10745
6149
80704
84283
85125
57109
22061
66803
93231
28412
46573
18589
12556
76252
76772
82960
3282
54106
18831
55852
32369
17581
81168
72738
16424
91475
95580
85977
38646
30833
44363
65743
36983
25068
50026
38460
98529
88439
5263
8113
16852
68189
26702
45760
44441
19826
45072
64075
73932
63904
19928
22653
81485
17448
11744
14262
8924
7324
16591
63922
38158
60955
29665
91493
86023
96044
29953
904
835
35217
9017
17687
19758
35719
79800
80551
55545
24872
44627
45829
88776
64555
84835
70262
82003
96579
84524
7279
3903
17467
71201
58413
78422
17219
49906
80797
29615
79860
81702
30450
31429
90719
48138
67539
42791
44290
48090
14688
69162
92717
60518
57939
73624
45353
44553
71980
58284
45429
95611
78539
62896
83165
36953
41319
384
86859
22116
29999
83071
20170
60449
30852
10890
24939
98391
70033
69229
62834
84721
54744
71903
61591
12683
45528
6944
73588
33860
81580
19017
29471
60120
98265
12636
97073
39584
13020
284
78053
59371
99708
14575
36173
46912
41817
77464
61656
11850
63046
24490
96572
17790
96393
58163
46825
58273
81460
20413
92133
63040
55782
21605
39512
54047
34241
36585
9984
63614
53222
4389
39337
69282
18964
75510
16194
60782
69327
77850
72632
32373
2340
85556
66515
15086
60072
13340
73359
57884
50105
65493
20924
5887
3450
60437
76286
37691
13374
86270
17657
82948
90659
56995
52230
9624
48857
68425
86758
18184
46275
59390
66909
64968
61299
33424
80054
21371
63116
53413
79255
29573
35258
16531
35460
38708
93320
11747
92752
23047
14369
10409
5995
5029
67404
58226
31005
16262
26651
17763
50798
89278
93505
17708
54246
54804
67484
50652
92527
46953
20418
71782
76526
55676
4666
28339
10737
14338
56438
3489
37385
70807
13898
43381
75836
97655
17959
23193
30269
60962
40956
97419
50240
50814
15127
20839
5618
98964
71491
14498
45917
8261
86280
38795
63938
7298
67134
91027
21637
23572
94516
59022
94380
24766
18755
86568
38773
36714
9762
85394
14028
67070
82814
80621
17884
14293
1460
39855
13257
89303
54353
59174
97565
56985
97970
77855
80636
81456
85234
2273
5029
79750
77647
99409
20868
12755
2329
59642
65821
12091
61388
79850
95514
44202
60471
29750
58496
78283
85957
71753
83938
40310
47280
97855
13648
61602
92062
94284
43058
77296
12909
64439
73398
6908
63848
94267
19663
82530
70261
1837
94621
31649
98039
6487
92204
74862
36238
50700
53145
22195
38805
53435
78858
86085
67643
8858
64039
59705
3142
7098
37002
32403
87889
26752
39311
68090
21019
75327
50620
7632
77164
61593
55634
91555
68081
47838
66417
20671
98538
19562
59218
37343
89349
54428
39781
56992
63286
3820
16698
82780
27270
70052
15183
15160
96804
70847
83250
34176
62526
50222
58160
56042
11815
13794
47597
96248
61632
14014
33271
76522
33576
92490
13866
39277
63270
69999
96270
26557
73819
29320
25689
17442
15724
57225
48954
28880
44424
48556
63056
6950
98778
37569
62992
10593
51363
10589
23194
29348
24603
56465
5870
74531
65307
36088
13808
28578
6087
26430
71487
96259
55750
97176
30053
71474
70753
79007
355
15177
27563
79763
22127
26341
17332
85119
53286
85048
12060
92832
14396
36663
49298
20266
27546
14605
72707
41355
59535
95146
84137
31022
91405
39888
44551
21458
27714
31656
16817
44421
46834
44380
40537
85313
