2940
97982
96804
21655
68010
62608
46267
22444
95537
77444
81510
98655
60737
98581
92628
58436
87023
96668
4494
52056
85782
71245
62331
4644
96587
91972
6916
5081
71725
78355
8745
74665
76338
5549
12673
60700
84510
58940
83145
80047
36385
81007
95054
13474
79588
87683
88262
66612
84351
92756
35020
86486
64001
97351
7482
76941
5675
14398
82022
77400
92753
7120
68418
85443
29021
81091
46144
13531
40031
45641
9931
92768
26648
4985
6242
6237
9020
10856
89201
9724
3612
24221
96210
83966
37924
3692
60907
43599
18090
59281
21000
27195
66401
89418
28991
11775
70509
75135
25306
26892
37128
35237
19661
63776
56575
42255
86365
65595
53112
75566
75319
73076
99787
87881
73394
37711
91573
50653
81311
26015
9935
18663
53211
92688
8081
98554
20815
94942
73689
46122
21834
27169
97711
57847
90945
70638
16455
77311
52586
69567
52877
44257
58995
69017
32139
48742
6728
23712
99395
4391
66080
25682
23054
35643
34723
31135
34197
55538
42429
24238
18012
80616
51407
32076
54815
42352
2714
71270
36015
71652
57189
5245
15910
16185
74262
48049
64927
97342
88113
80674
1734
54193
6357
41140
6188
41080
88628
40385
12970
31057
64623
47335
11673
32382
79411
66489
74735
98477
54111
27102
70130
11301
48699
86040
27486
22961
50441
8765
36656
38554
89439
54742
9100
95796
95882
15288
53228
84510
55674
82551
15568
36649
29886
43593
69032
25649
26434
60119
24126
80546
3573
10608
91847
52273
13000
35685
75234
63441
44450
28242
18348
50241
82984
27448
62390
78867
59088
31970
63377
31114
14521
95297
67764
44407
38891
36796
70056
81677
13267
10535
62223
16840
37495
70422
69113
50496
6107
60700
30289
66909
88942
48637
17151
88279
92437
95893
67146
51526
27863
46875
82640
42385
42173
66756
3144
97416
19904
89553
95445
33171
16440
74021
66364
53935
44443
35477
4431
66903
12529
51073
33812
17824
99710
67315
6103
8500
63208
89601
76378
91072
52828
59018
49809
11353
42127
52953
25121
62031
58858
20567
11555
75298
94588
77919
29234
39031
29748
50017
22286
42278
1090
72451
76454
17153
39766
82557
25653
19327
88510
2031
26751
41338
77401
92912
52692
19528
62217
77813
81560
21076
98380
93115
96374
9320
87386
41960
64704
17134
91978
86990
59412
93068
59441
35866
10221
15560
34775
52226
51239
39637
70609
94342
80976
48011
87254
50020
83891
49471
44185
65451
86899
58918
74918
99626
68238
62304
41586
32942
95791
49916
36285
55203
42985
95726
7422
69558
27638
58549
38137
78877
14539
8746
89571
11867
56757
93177
61887
40649
42649
6072
22452
45900
64990
13723
45526
49581
92379
3465
98875
88170
53381
35160
59726
12718
47239
83500
98629
74877
58401
36766
70107
72940
45512
59678
84807
18622
52856
63046
75623
11857
85471
14427
74109
66813
44502
35988
16394
36882
39453
15270
41404
9186
66782
17482
21905
14021
17334
20534
5251
75736
57300
75358
65028
19164
51388
66188
54138
20596
29234
29761
48805
14705
60541
39267
81519
5043
75255
14265
58277
31060
29535
16034
40246
12670
33516
62151
26691
50851
82685
31942
42939
56337
23652
7967
91854
91393
74155
45992
28341
19742
92106
93499
34447
68999
32766
32318
74042
8021
46584
48672
39081
92471
64706
79327
5141
98222
57831
48185
65425
56868
80127
8364
13206
20132
32684
21412
27877
23191
83756
56218
42933
92214
49717
93733
61213
82483
26051
51608
6856
88987
280
62289
81459
64986
57969
2952
79560
15800
51137
44986
72668
47617
69702
2226
67749
2386
23638
11978
25578
23747
68196
84863
15961
34266
78596
77175
33101
21000
28783
39958
9987
29063
2247
7798
10401
60216
10751
89961
92368
78240
51299
65037
25857
37354
83615
9958
39740
23606
21936
81670
47353
6485
82886
63314
40751
77834
56841
73852
98834
1976
13810
25174
47391
32410
49324
57792
8978
60075
64106
17699
54668
31757
99088
80525
69111
82703
90484
25204
6309
28772
23226
70014
35257
6112
49681
76008
83947
6522
49861
99133
8499
80023
40659
55890
28785
89984
30035
54116
66411
10493
71815
21079
42250
70903
1605
27714
69958
8441
52918
76268
37213
92496
62634
88823
14961
12315
64831
15260
35190
31044
14393
60041
27420
55053
32283
72557
61389
62318
26673
27800
72811
14840
48880
31414
85743
66837
75480
55702
75278
28398
48322
28843
37246
10956
17666
52207
39624
98850
83819
74814
46246
14565
34855
73666
69618
67138
62576
47359
45809
89249
75159
34972
20442
24039
66386
22537
90876
41866
94591
82506
86616
42913
27702
40215
70222
61720
8774
26198
76922
92594
1012
23169
7159
52219
13187
93129
35709
75763
40488
81518
81365
15647
32843
1807
56039
15581
24344
63267
73800
35288
62126
76768
78201
89828
16983
64775
67900
25758
7325
44823
34704
8337
84344
41863
76908
97531
51344
12618
89647
91832
10488
87364
23831
43331
89171
79870
58913
29867
43138
32713
65155
5264
9481
59709
11444
42817
40836
79344
68575
48162
40519
19631
72851
24863
61494
66112
38747
29190
78730
44746
21022
5570
32110
44853
48902
37633
41076
24167
67500
84214
73232
49008
5830
99065
25069
17274
41882
82257
12970
26809
30419
69842
46440
19623
94705
24286
85735
49804
53476
80817
94550
74498
86387
43012
35704
51641
80645
76780
92160
64498
77346
65392
29858
83176
64458
54927
16802
6340
37184
46124
33150
83956
15966
95942
19931
27024
20229
5666
76828
73705
86483
87731
64556
89222
30743
16612
40864
11389
93392
49376
75887
87090
14769
22097
70266
95579
77024
3420
1919
30560
49544
51421
30868
65511
63716
50799
92535
83945
72817
85715
74002
75652
73446
54910
64875
20542
71522
22091
31931
81266
71467
24170
68356
86236
62619
54974
98167
39643
58394
16439
86555
24291
67860
33776
6154
47928
927
15041
31873
73745
17108
22228
49397
90555
77138
30624
27449
65013
52715
59380
46279
24183
99902
30988
26771
62521
85962
24939
18516
60709
41378
21423
1352
25590
71551
7506
73519
72479
38899
21744
62576
56007
43972
28325
62914
37463
58950
90363
2476
11665
66095
48755
35848
82349
79743
62620
61222
82058
3911
96090
59119
45289
17514
60471
70879
5417
67977
44398
77896
23228
66143
40472
79235
26467
68798
42150
63930
44100
48865
66406
55765
14961
31514
91614
97310
27609
70586
58533
26019
74497
54623
85138
36138
88489
45609
7017
93907
29938
67768
88155
53166
50263
44980
48754
76730
30130
90904
40661
74230
39769
23419
29995
71082
71285
37961
68393
98895
24899
43278
24914
15748
97901
10053
51886
2743
72014
58904
96650
1953
43024
84805
71471
93287
29785
20225
70017
59915
27481
10678
50497
83603
50450
80493
54685
21735
18454
23078
36982
43354
66356
78249
59102
80610
4654
27341
99705
76668
86245
96355
78621
29269
97512
50093
22556
43650
70318
8925
19917
14152
35956
70415
97755
86406
67260
52440
24493
85714
91871
61476
45420
74579
39725
20875
55189
60731
48216
54894
37399
50813
67601
32373
96434
81466
82466
35342
25116
69136
44267
61385
83288
80223
48152
97395
82981
15412
49836
7475
1127
41707
85303
62899
16286
25028
83774
87828
85759
48342
59074
39510
99155
26676
71883
95589
8142
70701
47283
49610
56190
91551
27347
55830
71774
75500
53226
54756
90912
3062
78583
8391
61121
63886
87643
77407
5266
87769
65235
7377
36112
24310
46887
51619
67338
18771
63561
91832
89472
10844
57794
62014
2395
85141
17845
90522
60641
71071
61630
67906
90485
40213
76297
51606
4099
63940
45365
9365
51710
10601
16742
4174
51263
63629
55793
34953
98752
35706
26785
4577
46551
84579
66591
65298
69720
788
55820
46714
88211
17450
14620
78696
74015
7269
46654
78114
71210
92020
3831
39272
18973
36925
59798
70236
555
15591
5189
15659
67650
48326
36588
14201
32905
3180
79499
18977
20320
51672
65691
8532
85474
96663
87228
59490
3933
50235
53956
91495
42255
57788
30767
61228
94713
6917
47816
11620
22508
69357
43632
90158
17683
80220
20711
66940
99752
16563
85917
20073
68235
67961
28605
70061
64624
32185
29551
68557
82420
99860
60052
41027
57648
7171
2255
68713
14088
66423
96686
52949
35780
40318
59459
53463
36890
80171
20403
36643
13086
22673
56716
81321
90634
1673
67734
55258
50210
97286
40168
48983
97146
220
90010
71146
23744
8618
56211
37832
75041
69249
90781
10822
9567
66593
80637
46458
63116
17393
99453
76202
40066
56169
73875
47052
74194
41609
2310
40756
55247
42478
89739
52393
59051
96102
39891
82795
4720
12455
36979
96113
81704
44113
23287
7624
10706
3925
70434
73822
21318
69887
50024
77736
42408
40251
24788
16602
81860
43450
57358
37108
85929
63450
5853
61332
59552
62097
60479
64272
74552
97458
76737
56256
41571
25
80232
68629
3950
50666
42451
41620
20553
8827
19356
62961
49078
44144
95915
30939
87594
69626
68047
89875
33076
90252
67559
92628
52349
28038
73252
26901
25497
49989
99510
83420
50014
79742
52050
70316
30409
10853
11936
67314
19681
31292
30276
85111
91788
26191
32402
95735
95817
16801
1962
45245
7054
69522
37873
59403
13912
27477
2657
55761
93819
2167
55534
43833
98261
7584
14150
28670
34789
42438
95985
54470
90083
42613
55934
98223
85156
88336
93958
97326
5138
12273
42571
12192
98147
96797
87947
28411
24274
90604
84173
18093
92771
39707
78279
91033
63643
8781
36055
98432
51219
48392
69255
41302
91005
25189
39526
92514
13525
49836
89840
35015
78461
32411
63559
76608
29208
51507
5020
69835
58463
5545
4280
67587
45252
98911
74972
8895
7692
11027
23679
75264
75772
92934
16566
83129
18123
72444
75643
48001
38633
65483
99368
17094
97895
62928
10055
43455
30787
31427
29642
89250
36972
50275
56837
98576
49186
31809
23823
73231
59189
47502
48495
34961
56789
81413
18090
74912
53858
10086
39265
8843
75569
54986
42289
89816
17914
52344
33272
65053
123
79266
70655
53447
29541
43845
52023
95080
92006
92198
68311
51195
56053
16806
2508
12842
98219
36951
4106
52077
47037
59724
77272
22606
14710
19562
12423
48976
88258
62047
14029
88382
41313
1036
41829
87207
44881
10205
82287
36888
18755
50598
4435
74808
67404
23296
87650
65623
60247
91757
34053
23636
67833
27677
62594
82543
47239
91369
31519
35498
53416
61900
40232
11082
62936
82061
14641
24170
8618
96928
61058
27374
63878
65493
2182
47634
5141
6185
29609
65388
14294
80014
5376
82127
7692
67971
64670
54931
59340
12541
6781
29109
74441
47013
56543
53729
45427
71184
77899
54045
84464
55309
97771
48342
20803
16306
12328
42296
22491
41937
7685
36785
21952
29413
18912
29644
97384
99934
927
73077
28827
24061
2186
3268
71074
75081
73349
32853
46265
51249
3251
47081
6558
1022
95423
43713
17328
7751
86010
56171
66040
10047
92956
87992
39460
28220
33988
53197
44506
51268
26274
73333
75329
44812
92953
62755
19893
66303
95609
66158
33904
98860
13239
56814
16234
25014
528
49915
49117
2890
6086
15157
29289
15395
19502
68749
59967
69842
38298
4474
21110
64572
77807
96439
9384
87113
75547
29277
53416
71156
11787
3672
86368
41378
60486
18954
82744
77366
68869
31861
80256
91308
63371
9545
6703
99225
94647
66670
69067
32945
87496
6530
13870
81656
2969
23254
68769
78516
68884
38537
66024
97023
42209
68744
38402
2695
87699
21146
96414
72920
69360
76670
64228
49083
2568
87283
48308
13567
70306
33727
62864
57802
40257
76734
39458
59579
16341
24579
54447
85225
63116
20472
98600
5325
89216
37002
24373
93267
74501
20787
66188
43861
13809
46768
9296
32729
34052
73956
46296
20710
7683
25513
78512
47941
2247
34323
23872
18588
58902
78319
20165
22019
98791
35118
43696
4360
72120
84421
13979
62973
21560
80167
23186
51722
43288
32482
803
77340
6438
47100
14402
14122
88965
92914
78415
91212
43589
2287
26153
2492
96958
62670
40863
12102
97788
911
16462
86261
1685
30441
49234
39597
26961
72421
91319
70249
21255
92123
63941
27694
55575
78343
58168
44540
87609
52935
52104
31199
71574
94609
50043
68532
73632
7258
80634
87772
8169
13448
74033
26206
60242
39620
65804
87203
28393
73475
73804
49648
81950
54097
93694
37525
48792
68214
98417
52753
21149
66874
83952
9075
77835
50347
77608
51467
57605
74594
39240
65775
88043
29625
8333
48285
69245
74137
51840
97638
47613
41996
63639
29563
12445
73685
83441
61237
41900
98210
13990
79401
81436
14295
88477
59272
64642
82437
10739
38600
57031
66331
20727
45074
95957
29060
9711
65202
3198
77903
79193
67163
19899
59184
13078
32344
32869
96519
9933
74769
11082
40276
70523
92518
54571
59000
51790
35565
57789
62530
74165
14820
45213
94892
76247
41170
23953
2310
22725
43503
80214
1918
10666
16465
77454
40096
65162
10323
36616
75095
1445
64050
15371
88320
56568
86294
63672
8359
21860
21461
87241
12377
52633
32454
7270
28880
73625
47575
47543
12702
91078
27757
30972
18096
60574
8426
58192
25736
35101
11160
832
36546
75210
32555
24866
31779
18850
88538
56490
57062
26351
43731
69439
78985
92537
93061
7865
82514
40636
55408
95216
48066
99517
26188
82514
60092
34614
57059
85828
86068
68219
3012
22614
59782
51920
63833
7913
70770
68723
64403
44184
95075
24486
29975
74060
17023
23037
98277
15890
80025
70038
11106
44444
69555
53647
43310
45999
4613
369
31828
90681
84941
51192
29648
44723
3112
93481
52636
90234
78556
33391
50770
73631
57877
80746
64043
91252
20135
62321
7142
16512
48711
34601
77308
18266
4600
20619
80618
25565
37340
28798
16247
22281
79990
62247
83356
99455
55728
52344
89689
50636
85735
40460
40620
59964
37558
4663
67569
57693
83336
74711
90557
32047
25664
67866
66666
46616
88485
47284
72182
42177
76082
88429
80811
56072
50676
64167
55527
22756
32864
61569
89744
34951
18381
30364
94916
55939
35028
62485
13632
34716
53548
4189
66764
95565
88407
33430
42181
93244
97066
14363
35422
73148
2792
16233
45572
69820
80400
17452
8928
29616
79021
98673
64568
13754
29037
75836
69693
80417
38321
99677
15134
8221
20218
81898
3786
8626
31680
45968
1870
28746
76683
53644
18246
79476
69877
63818
65648
66630
81270
74577
96246
76643
89602
77166
90397
18639
53002
76442
15409
7675
92471
30543
15897
12690
28793
36035
37668
60473
82003
55890
5571
58687
9535
23817
54515
79412
87635
36515
62394
85258
27444
58641
78253
17046
35807
85003
52038
5162
61445
67447
12837
53917
97990
28734
82959
43135
64770
20627
3608
63125
92869
9179
38164
2404
32996
9031
98169
36983
45547
60563
22241
72991
35556
495
6390
87716
85498
58428
92878
63295
42227
5715
33564
56569
50802
16523
99704
31924
53502
3312
95049
46372
28843
49566
65128
78191
58597
63297
15174
20496
23861
37416
9840
59417
54263
16230
63485
56113
91010
56363
35760
33237
62079
69325
89806
29233
2200
5862
61157
72055
9174
56206
18427
54369
22124
99907
32560
80722
63205
47734
17570
3418
1502
27410
62835
72117
59992
26321
28230
67354
99036
80343
591
77467
49668
6749
6700
68220
28963
67857
40275
38137
40416
75054
8858
62540
74962
41418
59614
38167
89153
93537
41585
7007
20947
20772
79125
97292
63445
23707
64646
78834
4050
81590
56301
70070
4691
63002
38291
33655
47211
94918
88144
87627
86325
97003
66520
61287
38421
26134
15806
43926
36023
73743
50934
56971
10867
46411
70615
90665
86470
35261
69499
90521
33203
25800
76943
54247
5154
31586
87902
52366
26505
92398
39993
12830
89401
6513
90469
44175
49000
6275
4453
85023
96370
55387
58346
7237
18150
45313
14254
4621
96927
83753
11494
30130
25906
88437
84377
31060
20024
88631
99778
62881
81030
39772
75711
86783
62637
82532
47310
27989
5159
51764
29365
1529
23503
4063
25118
41654
49377
39373
62627
46304
39478
74121
92786
81736
62558
77164
12797
98934
82147
12575
61815
79529
68699
53878
66313
47689
36410
29975
75678
41569
81739
21395
59450
5243
25459
84569
46897
74836
40294
25876
37492
96124
99997
30278
77861
78907
23794
7010
77842
5942
35937
56009
85471
20989
9888
68136
68678
62650
98112
60708
4220
96203
82104
63670
1446
23915
64591
64695
15103
21237
90571
52595
17362
6920
82873
11575
85828
23020
18585
80022
28962
70874
36031
30785
91863
62271
15274
60541
24922
29738
37602
29142
25941
36058
9164
27388
59973
90108
8435
75076
27697
99007
44023
45059
5927
43248
72986
91755
66268
7923
88129
11582
78798
24161
42368
70661
86432
73994
47555
11354
3732
85157
56848
46025
21215
82365
89765
97540
88825
98201
88968
16522
97208
49343
61582
19487
92591
50920
27595
75212
58844
15724
86794
37642
56237
45514
24655
42670
19508
88562
70376
39592
90071
27225
1970
27638
25942
91735
25178
14767
89936
14146
31289
3496
63489
9223
39336
72433
60144
66931
47645
35340
99007
34439
89334
55245
79954
13989
14267
15814
18904
84643
71759
8975
28220
73729
36614
70514
81816
61792
85281
88105
92291
32923
91601
72132
42146
47289
60917
18642
30572
8562
53982
29580
59354
43316
1177
55660
73658
15444
71474
8914
87
59585
17889
44660
33314
54503
15174
15131
32648
16808
3236
41291
49731
11189
29775
91877
74831
90693
26872
5403
99255
80854
34983
74961
40523
36160
30621
30533
67956
18448
39447
84396
78033
57336
29056
27700
28192
60582
42831
77192
77390
62419
18483
27121
89960
48258
18999
64791
38951
62223
70195
54559
43077
21530
29520
99952
74043
76494
30485
41999
94942
69932
26395
72975
43621
71803
675
88165
32386
59858
65357
9776
38629
83840
36898
28590
48450
72249
93381
87402
34472
79928
58313
93901
1459
4185
93854
75502
80679
40691
33853
91973
26976
60249
81301
70597
32052
81976
75114
80790
58187
40471
90567
96816
24311
43817
41758
72761
32418
51492
76515
66890
31420
51180
77143
49231
55366
70997
41085
52397
28041
74939
44371
55017
51540
25672
41966
99944
24000
17080
80735
98539
57551
71302
95356
98214
31471
53466
87327
63889
4958
63843
47131
36379
31375
24274
1962
86741
11624
43048
55491
39665
17987
99862
94682
69527
41886
53000
69471
82238
70080
50206
80778
43983
37860
92486
42197
69331
45952
45876
49572
50911
26071
96703
3642
57447
37330
5604
60540
48954
48652
16031
4971
82991
32245
16005
52518
74131
69005
38342
56370
55437
88548
53500
99420
42761
45986
57969
28444
91938
3845
78017
59201
29917
91072
79195
87364
44754
1152
47904
93708
66156
80288
15031
49148
12533
31036
18018
86665
16393
56360
59387
71830
61261
12887
87602
4022
58873
45571
48818
67163
49417
43187
42717
95686
34260
21912
83050
79014
23064
47306
89075
5573
27594
20458
54721
40128
51495
72739
43145
84240
45452
18884
72423
6713
31771
60025
27087
6996
5597
75905
90511
71366
19093
33228
83404
69705
71493
66454
65071
94557
30112
70498
16482
57707
90957
71203
14187
58804
60295
73684
43044
5747
92568
15467
28812
40691
91845
55899
47687
13794
48156
54550
1512
83601
87779
84916
53306
59272
67722
34730
70181
97834
5228
86664
71893
12537
74219
2432
87693
34514
76116
47090
56613
68684
62557
85425
25727
70754
57676
89766
84548
5833
44317
86060
89434
32096
70976
59093
7720
38698
10175
77901
52885
31755
80917
24778
44293
55137
27211
48338
89651
19679
95428
62617
4716
74338
48042
30443
45092
5719
20210
29641
27904
64527
32053
33690
12975
19382
92783
20695
74432
19310
14948
27317
51066
95866
68448
11711
67355
95659
60049
73358
31690
55478
35975
36406
29816
370
66850
74908
22441
3412
20901
50345
84291
69307
84035
97266
88689
93171
34313
63121
28833
65613
90439
79899
77831
58887
91610
45186
70898
68012
34897
2588
23490
70872
55347
69658
71242
38549
44566
10035
41961
81820
60380
26252
51127
60768
39870
56168
70291
90535
19289
99124
56148
26080
95376
33980
1319
3338
95518
88569
71350
30415
7510
94840
17640
62857
80850
5234
1406
25417
15270
43367
23589
92002
85971
91068
52770
25841
47236
39413
32728
82877
38538
88876
25310
33914
39208
26629
37252
51079
31551
24955
97846
39061
36147
15486
1918
16998
37073
19676
42415
52343
79395
82356
44345
65366
73424
13468
7559
20660
52881
40287
19889
7771
45515
45199
58037
1076
71829
95290
52155
3380
36597
50001
58793
72744
81840
60711
89742
18913
96739
48509
71256
76134
30865
31953
57852
20641
45421
65411
57653
14655
22050
77543
22426
67565
22742
80464
84993
10923
92106
37148
14303
28703
3502
89448
1447
1694
66511
7542
20607
63250
56051
8215
39384
3269
56520
13588
23910
1942
78999
81564
16597
17401
59107
55375
1319
81849
35839
86312
9125
44297
39813
23428
73000
43315
12877
90800
45009
79388
14694
81968
58991
70745
90183
14727
90366
46703
28316
14277
64997
23667
12193
97946
41069
87652
53322
58740
85853
5513
45052
94978
49811
1217
34759
39163
44532
47636
46315
5893
43376
61009
87861
18719
48107
94396
33447
38473
57452
61763
69102
38801
85430
97647
36748
42851
85299
6422
1591
71153
28287
62996
66131
78098
64213
890
33614
25098
64878
79929
30991
24607
57291
35205
43326
5398
45953
93125
60223
19757
54888
45678
74911
56671
43325
28011
99522
28625
34433
17466
16130
62720
96814
98613
57171
61027
15856
7137
86125
80734
3418
33469
21693
60709
85026
81372
82459
47331
74497
59035
67089
45738
4713
42000
18761
64390
86363
34635
9367
20796
52101
25497
99868
48915
24111
73391
26295
39967
80528
28772
37053
299
62241
75099
61008
63619
72823
59820
10951
47320
18855
94392
9410
39920
52744
28171
4310
39107
79159
13678
76255
31260
55527
92475
96528
79638
65867
39175
35957
62747
67947
89363
63046
46541
64462
40407
10160
37285
227
37463
957
35434
48207
26720
91706
951
71243
96016
56410
50402
26046
32665
98015
81574
25141
10895
77564
7360
50070
29874
86459
18017
19237
65858
64558
83699
6265
91071
37336
22844
28534
38293
74630
76742
81365
66336
94045
52609
78704
50456
3011
4751
99473
1026
2677
40966
11921
80241
64678
78343
10115
51138
96361
45704
16996
77271
29403
39613
68342
83091
62457
13229
37737
37087
6323
19102
19775
16720
71711
98479
83528
74723
19582
83002
92101
22259
40320
20375
18853
21351
98718
45320
72489
11431
91025
5837
88703
36780
45450
73397
19872
24259
2978
57609
77698
25653
93063
97473
42374
64775
12304
25902
55850
31887
25256
47951
70498
81929
84678
89351
3280
83397
51024
92121
11180
42049
97958
16235
95181
59760
5985
31405
84019
8963
5366
78069
50969
98430
75542
93343
63205
4198
35597
19055
36085
77206
83358
6584
59135
68037
12287
78767
67786
79663
70888
95318
38064
85198
11554
33246
44958
17539
64651
45329
42854
70018
23398
93823
68448
15292
87166
48005
19490
39116
67060
71928
16322
66770
94864
91809
51159
7151
70576
35297
86815
57816
30616
24879
43014
42170
74477
4324
59709
39129
66005
2563
25499
5755
12739
10299
37399
99905
58304
56889
55373
41716
28817
71695
24838
40033
63504
75998
47185
50432
11295
50352
8248
58263
91583
67614
433
82413
88290
76494
37894
70647
95410
63393
76402
8149
90044
13801
24406
48348
87043
79780
6416
32212
67827
31254
72246
47684
7252
35783
14468
34900
2487
22717
9515
10422
6683
9949
92835
11326
2795
30729
81973
14557
94122
58376
39058
84166
88529
63465
48866
75572
59597
55282
24137
27424
2889
96383
91460
10141
48518
5929
61393
51005
44998
70909
61427
68033
97210
54263
79359
16357
84992
61333
30915
95467
36061
86325
95985
40942
49790
61204
32867
25739
16486
57004
69516
19375
53387
60976
45869
1905
83257
23614
69262
28255
10875
30689
96289
8085
1304
92000
40795
86297
53333
88062
98116
5746
74387
94101
46689
40530
55305
79556
66269
88144
52912
52137
23871
22651
29466
86092
24556
12723
26059
10170
57331
36934
40859
69972
61372
42164
61972
2167
44813
31658
6581
42929
53756
80968
53382
445
37850
25040
96353
20472
29536
49265
72609
69759
71916
18427
72204
12824
31151
98263
39346
4834
51549
80206
74806
12921
38722
53130
31440
99887
1140
54373
59168
54897
51694
12550
71694
89544
53942
84400
10016
83478
33665
98978
69590
21934
17405
41794
51110
64908
56409
90457
86094
7958
87015
77252
37232
42089
30383
85024
41976
31523
39398
17496
2772
91092
46398
74467
96988
341
58867
7005
171
8884
22335
69761
30818
56092
27907
98281
21001
668
5090
7095
8627
92105
84348
62211
50546
31083
47235
8874
78958
2985
26370
81731
10429
72768
56198
7418
89461
15065
14423
89633
40301
53110
75746
87472
9202
20006
85753
46555
20674
90843
53651
29301
99300
54351
7864
66198
1786
71452
75072
80744
74437
17794
62475
84867
90562
35025
92285
80024
66442
23060
86009
6744
76170
61755
94216
1724
81761
96321
48280
18788
3516
18283
64441
2816
72634
72306
85366
74420
43758
60438
71516
18195
94584
50344
19414
85146
85369
11699
81522
51812
51111
83883
58556
43633
61991
69124
45358
43752
65445
93638
78892
68961
11921
43334
88129
907
15640
73495
91679
59398
50285
79547
93945
44869
29891
13360
46367
15261
41411
27890
67073
92523
28125
41981
52508
90116
11105
97866
50221
92902
7856
29113
61863
36129
72447
49992
53388
88087
39839
45067
63837
90124
24615
57783
34993
70858
87495
81360
86119
28906
25602
69544
37781
53728
27877
90290
60196
55334
4508
10417
48236
12365
39531
26451
48494
11978
76443
1883
16418
32634
63302
80255
22758
4269
54390
57751
75128
41885
55464
77599
87144
97418
63496
24925
51146
91373
31567
11343
46708
36076
38112
11296
64793
77643
37748
13287
89622
30543
31522
6040
63178
11177
2647
85936
31798
57038
60040
23278
98923
15504
17230
2419
12922
80726
43697
80421
72099
75264
8116
35159
27692
46228
46456
92485
23872
84204
22125
29846
14747
69999
52238
94277
97528
54885
80214
29327
28275
40254
68957
43551
72110
86187
45970
1384
66913
89667
81805
55365
81284
6273
90524
25328
68854
36980
17814
92726
37536
56291
38924
68636
42642
7514
62913
40171
78751
43127
85850
7027
99733
54807
50578
88195
40995
12900
89580
24260
18920
87737
79625
204
94011
70150
41884
62865
23482
76050
71943
61019
32341
27219
29655
74984
34733
8920
31507
13484
68400
17357
36863
68133
72164
87441
56329
29511
342
62261
70124
19262
49998
49749
35818
60361
36251
77702
39578
76086
53753
27873
37105
2446
71444
83112
93782
22529
8384
25289
52366
76784
42646
89229
61270
31163
93023
17599
77026
9717
96212
47150
28979
46210
13252
81149
22924
65855
75203
78854
41941
45308
6728
95398
64107
78172
94862
57889
702
3247
83179
53068
80031
42177
58649
41301
73340
51672
75252
66719
61389
71464
13869
6720
34027
43473
87869
73303
9329
79425
52157
51270
24733
75237
46669
88840
69762
57883
63082
70464
61130
46261
39884
57514
88438
98533
15167
78131
50206
90420
44850
27947
78236
75071
34668
28615
18545
38889
18270
44226
18314
70428
95496
59400
45665
58517
64592
15427
16401
27674
2243
93883
73935
58479
67749
78726
73365
82917
73209
23571
89689
18059
67870
84277
9482
2538
29245
28027
41428
47515
72253
59742
17943
84102
35494
79961
58971
87
11740
91724
27761
30336
1960
18049
88815
69709
96775
62180
52626
69984
2103
58667
4395
86326
42945
30229
88864
72190
74609
46644
19705
46862
22739
54001
47316
58233
50314
6288
58320
78406
14364
2434
8742
16324
20483
13910
86034
17258
92442
55012
3594
10898
13680
24341
97224
72977
54570
2440
45167
45531
49085
81224
8746
71824
51577
56062
30057
1891
78702
4730
80298
93067
7164
5392
9391
27647
35654
11777
61257
28097
66790
81203
55347
96822
21896
52571
69799
92818
71363
14966
38350
20448
12542
47096
92272
64120
3158
38682
82363
98213
43412
62661
7632
50576
84406
33375
78223
20060
45153
39480
64509
28295
37035
19856
25117
58931
88779
94916
51749
60143
26234
90099
96943
38776
37195
89216
19248
56706
27898
1612
71271
87662
80625
78903
38238
65031
12278
32813
1444
57431
88645
82305
85726
25680
18514
10843
84611
23645
22111
52712
140
48345
59164
97084
3474
96359
2652
22722
69417
46902
40686
40688
34564
21312
19591
72802
2695
48222
21967
20491
5653
10612
2797
7732
36292
21311
34927
37255
44956
57039
6319
45097
21736
65483
58533
25210
78195
61185
64285
47612
8087
4971
4653
42651
26283
40596
31805
28979
88818
53772
65822
10824
80736
68619
18556
33380
6282
53483
70635
67591
26874
76954
29040
48611
58790
87573
90173
36985
65110
54458
949
73197
59430
21954
32200
2065
62551
80357
47396
67721
34129
13219
78545
31217
81838
97101
64597
4473
66937
35232
72064
10163
28538
1104
58774
87328
5029
65300
40665
70139
19758
41615
59688
79188
79921
91888
97606
42472
72245
45002
10194
22726
58221
88739
53943
56412
2193
18540
60885
85482
70124
49301
95645
15014
66757
70772
18695
71786
36072
59360
58277
72182
17327
17965
67723
97249
26205
65329
56073
98450
10331
66267
37528
84905
71359
91471
41317
89904
26363
18554
91738
96487
67855
3735
11501
50964
74507
30196
39102
26931
5909
97379
15466
23236
31696
83189
36837
57901
48518
92911
72703
75201
59178
10231
60106
46889
1702
17775
53145
28065
36329
44883
40904
20536
48619
52405
87852
39478
98954
26954
82762
4863
40685
98228
44451
72381
81417
81289
46634
46287
74200
19337
37840
49730
29568
97947
96620
47622
32074
66117
92039
68404
11001
32943
5292
75972
1701
93145
15450
655
36451
98212
21870
77137
12792
66321
65870
10561
47610
12505
56848
38162
48194
11041
87893
94115
25340
865
41737
57414
66982
33777
42170
94335
83072
47463
70307
84773
56960
2110
1780
93411
16674
23650
70548
29467
6324
52771
40028
70286
65276
13229
8449
29822
40622
12694
23937
65962
29911
82027
23376
96893
32156
65547
7581
15228
29362
77888
16354
86322
96350
34486
96085
13025
58137
82986
58844
80813
35757
15224
51099
17385
44805
75900
47207
85427
88594
87497
51389
18505
69524
74766
31751
1680
56665
39332
16908
86027
33572
49614
88701
46275
84101
84786
59300
58590
67772
34496
39403
19881
49720
6854
37266
94526
82755
826
79953
87701
88323
31343
22559
57847
22461
54310
75879
79126
9994
92787
81505
59918
58754
70206
6193
42855
54992
81845
17797
39117
16341
73552
58998
66062
80406
12617
76940
79513
29795
56893
83567
18118
4588
6126
92317
43401
76788
68196
38879
3134
77335
20384
79404
36089
90590
85598
95296
61935
83795
13093
17404
137
86645
92754
82551
83404
5371
59491
62917
35166
32736
46484
69636
53677
68962
61953
97078
45750
46501
35958
65236
23837
72694
44641
76278
63285
46591
71575
41572
30386
84668
58976
46875
87666
51730
45778
71070
73454
21621
33987
24972
70710
96824
10961
24387
82138
89266
37817
27889
35768
90127
9477
75957
62822
54118
52235
42459
17061
23810
84031
63800
24831
59359
27027
12497
11089
72806
99919
895
94427
50258
42220
81489
47082
53181
5876
29221
42447
60046
73462
78215
66525
99291
54172
29347
53410
22760
88158
86823
46570
88541
50623
87753
47900
77651
16602
75342
66809
16521
92589
77588
66780
34809
59078
30214
87990
81306
75787
30438
41352
49249
25005
7878
64893
95530
53577
34655
18290
41736
21478
81212
46629
72102
68966
94530
66105
85568
86224
32914
18442
78813
10502
85222
13623
85932
15436
1613
67239
7576
48403
8591
73177
73409
32821
38070
85291
86399
72725
19933
44487
94204
1145
91116
82658
86463
85646
65115
88384
88222
98029
6826
67036
24883
8400
80659
10816
40188
98624
78055
47764
47028
2998
20942
36789
35820
59012
22080
38571
31738
58365
83058
42294
75862
74174
41304
62326
76173
6419
67062
64395
20800
90240
47783
62035
98640
28442
89203
55180
27067
83610
2945
90447
86609
40239
27236
38781
99251
65668
77352
47341
24033
60410
5987
99895
50936
47291
78573
43461
70062
