15115
20299
91881
7423
14745
2685
43407
17539
63328
19808
69505
99773
44212
95151
54587
24233
90195
16380
50527
22127
34029
89796
6872
68473
87490
83347
49966
53252
89240
12343
88156
4355
48994
80038
11778
80091
82723
71538
13983
62403
7698
83488
62177
51910
78640
33116
92496
85187
49496
43023
7315
99878
32819
30539
84703
36661
30238
34669
89913
19478
63364
94422
23834
28710
90812
51964
8802
89887
39854
22785
52291
63904
22625
30820
32167
17617
63936
24663
19157
29784
67686
42824
46014
16858
73363
30718
53519
19953
81739
43433
39432
45104
54207
79618
90166
45019
47934
98968
34906
4141
38105
3549
68045
77083
34369
212
94700
98305
24875
30209
44442
92562
73033
90456
25772
62748
21174
79291
82702
19266
39076
38486
80722
93283
18104
70888
54654
82390
69857
89561
86531
24314
93110
54577
1397
27480
54789
12450
42137
79665
59011
86579
88579
32045
93388
14351
94793
14562
93642
93847
33828
49071
32333
14550
42354
50437
1791
13361
49180
71648
2922
35711
12314
12384
90288
30064
56216
45078
58866
14706
41095
17877
1285
46026
49922
94673
60377
61068
25588
70371
54915
75768
35794
87249
6671
94501
54038
8462
7862
3218
96462
27136
55282
8776
55872
45570
55192
12089
7000
14058
43147
64447
31936
44432
10473
98210
55458
87202
59278
97398
73926
30546
89518
9720
17795
96189
4221
88185
4651
12083
7756
17465
55571
63038
42594
11444
24960
97786
23533
31961
11845
66680
96408
60133
27464
23234
58343
99274
26788
33974
13024
714
64520
2543
26787
98667
98732
31008
86852
19736
59444
10960
53553
31367
73998
96147
42811
98959
10286
82696
47272
38483
65728
60032
98616
9545
99618
73311
8819
26407
7285
38196
27121
88157
40739
53908
86824
55823
1269
90029
91911
77065
989
45465
8432
91340
57964
51244
6651
68250
50292
53923
6733
16021
30307
5349
25566
29926
95013
50737
56333
2298
88933
99806
6808
46024
70067
93632
1848
87688
83661
10111
64753
1003
55576
89537
92343
29893
57133
98994
98143
7426
69269
21229
23447
15928
42930
65365
62206
37943
16102
34891
56594
21388
34698
63402
67412
21117
57034
85612
8805
57048
95724
73558
58051
67652
79447
66746
97545
36581
82092
12041
60359
67713
33270
158
83641
76200
65523
45848
14144
97977
97091
70738
19365
31789
50492
3130
52906
23878
88742
61711
80926
84466
51621
55329
68471
47421
22075
66016
354
4167
78057
60713
71880
27679
77223
71874
3880
59098
34074
34376
57075
31165
21466
92793
79307
71958
12275
32213
95836
1017
10277
93115
1836
78250
48444
86659
25671
70520
52675
26025
91039
47085
3090
79272
91116
80313
51146
94996
55763
1572
29372
29191
32737
67190
21984
12044
39148
50611
60610
51337
67980
70887
44452
69816
65489
9248
72827
91161
96120
25503
33538
3512
88940
52981
82784
80056
49646
50282
91405
5410
51854
37129
34601
84591
4320
72937
12988
59820
23548
73598
27509
91528
44485
88313
77697
26326
97562
50524
17487
93682
92379
67378
97194
97671
20359
96330
94080
70005
46612
1837
91767
14818
38966
26368
99410
59638
99305
12398
35811
39205
85996
63320
47086
46833
67986
24783
73159
65548
91659
6999
75582
391
90729
89129
14414
11088
1811
8494
97445
48424
10331
89213
63242
65650
31933
79004
41640
31239
7754
93803
86796
10102
73476
33882
73287
41462
75017
46447
7010
83029
69798
98944
83420
60527
4425
97834
87967
6237
22681
85412
71013
49364
90977
50607
31366
22911
29612
73007
70502
53718
66810
73650
63821
40286
7533
37108
81748
98902
99907
5110
81931
86057
20407
81703
46584
24832
95890
50903
47421
34923
52668
18434
84287
43645
85394
15654
82908
31358
5013
69762
85076
71823
43413
65249
28462
67298
18710
26562
66200
18617
48025
64484
21027
68432
46187
67611
9616
58429
18515
73390
93352
71183
8176
93992
31180
93570
9646
30441
24928
31011
203
26357
2834
43616
91606
47648
10914
10316
74211
93467
45286
22236
57951
66313
7020
4138
50276
32988
78920
85143
6378
72272
72678
14555
82616
20211
8125
92262
50652
49406
23273
50855
75763
42460
10824
83721
6460
21738
10390
80671
15205
55676
19259
89508
38341
42631
93647
4969
75620
88919
90113
81998
77543
79143
12905
60160
99354
21031
68774
50006
86789
8400
862
62552
50860
28038
46273
73672
49776
73015
70696
81334
45043
89955
70842
83384
48939
80841
4706
24559
86112
94819
22909
63656
73962
35815
23816
89669
73198
92590
39675
59987
990
56889
38891
68202
84927
1516
41875
51056
74532
12571
48742
19575
18878
35936
19312
84169
33130
24018
25080
19242
35189
47990
99250
25503
157
23066
15172
89707
32009
54848
49694
49351
28089
88585
33906
13017
6453
92133
80425
80985
21056
29167
561
39934
81455
36225
40456
14585
60243
65536
50180
95432
29878
49430
20935
30035
88849
36108
19742
20858
7308
85788
86561
35397
90725
20467
64766
97179
12600
61543
78164
33656
90710
95077
89943
88518
31302
30399
3103
91545
95935
69635
3329
25814
19066
40617
72201
24267
76725
91944
45125
385
94084
48038
52134
84810
68506
33253
81989
97458
94796
76505
31115
1859
71583
21058
90377
19237
67809
9832
27135
80096
79468
30464
5910
14886
71081
94464
39153
64158
2760
630
80895
96844
48668
33030
81654
33526
82635
79995
30985
77431
56501
62100
79290
44436
99510
69667
63673
83671
79500
90808
63767
75320
37625
86030
90206
25058
80494
29359
89217
83254
29989
70112
80098
95009
19494
78105
28536
2129
58100
59521
95913
30953
37973
75203
75389
53835
61223
55415
37506
57075
62575
1273
32395
16552
87303
22601
41611
84149
68312
47180
67403
98301
33644
63854
9662
53139
58311
38198
71620
32763
14071
67533
63717
52044
59089
55458
5879
20312
27225
43385
93739
89801
61011
26134
22705
48314
48735
64316
32464
17047
11496
16219
31700
61493
96425
41362
30984
54736
95913
2604
87500
9984
86490
51217
62029
61931
23027
84260
98595
50253
43998
92334
56406
5009
18468
79111
69675
83555
59780
18491
16954
87628
34711
48654
49121
31136
6368
80105
85873
2281
99062
89725
12266
1904
40942
90647
80187
80321
74907
78782
30574
18905
71116
3332
40266
5936
82444
9942
89491
58576
28433
22797
46204
79496
87803
11678
26985
94171
8135
29210
12805
23549
18935
41423
25453
59877
32070
5640
40198
23329
774
87125
58587
88242
90457
98853
94178
89253
25147
21
47829
69933
22818
10386
49429
10621
38416
76414
21145
46551
21976
33950
70101
40911
91725
11906
17140
23795
33899
73691
63476
34673
60816
22063
22916
67625
37269
33446
56879
62416
33468
21060
32349
72638
31446
98131
83260
86214
90897
20757
32766
12874
71059
2867
53785
62784
31125
70926
2931
65024
44617
66407
16050
21785
4823
55318
89410
58444
88764
62641
37212
38584
54
69562
11223
47852
84045
10835
34067
74942
31592
66833
87816
19003
86052
41602
81787
17177
28880
84718
98554
89849
67477
30956
27986
88652
86274
33748
47096
75038
96390
84309
29975
96444
70223
41198
44296
54268
68385
78363
29210
16329
61548
33379
35332
47600
91333
17119
81130
20213
18189
96036
26414
2018
26992
54400
90671
13266
88148
54119
4656
890
38428
34631
13686
8651
92181
57983
79271
76918
52698
24834
93247
30599
58213
44931
78199
49546
62050
75681
86111
96591
88069
12525
98610
15061
83277
5633
28327
71425
59752
49336
88668
98181
319
2354
23184
8853
76689
18808
85771
29388
43642
95371
59987
1855
40302
54538
67753
18705
46572
70216
31648
34641
99093
30258
49703
82370
52243
94382
70147
11996
60070
58815
26529
60390
77522
66065
85595
54211
84873
71366
99951
28515
83089
59938
46722
23392
30829
30827
58449
93753
17395
90097
28394
16488
36708
94449
15210
88951
5184
1710
17299
65254
76877
43828
41996
54399
26246
27591
8611
11119
15310
8562
55987
14751
84853
19061
54495
32034
49889
12944
25787
67284
19394
70533
125
56102
64983
15335
61405
86519
17045
78705
51773
93923
38885
10122
48322
65131
54065
73285
92603
85727
98200
48590
479
83053
84003
54974
31439
50244
84271
57226
17529
3665
27759
34006
76119
9094
49341
37524
95613
82739
32581
63739
93014
87819
73861
41336
69302
44278
30974
61905
30006
29174
26847
30485
28579
27203
85459
60018
77447
69730
33596
94976
89747
61355
45334
65866
86802
94676
19743
98767
93767
52324
62506
86781
56495
52719
44469
25798
96998
75443
4055
27004
20969
47255
73841
49548
74458
75652
25918
51905
61735
59514
63234
51482
37222
8568
33701
24024
19596
53444
22791
13363
5768
1650
144
78616
54369
44614
4414
67719
36409
24821
11075
57379
72076
1268
23279
46534
76921
49198
14792
38656
25064
78026
6490
62286
86594
40191
2662
6191
93635
41806
35906
15756
43456
36051
94372
14177
97017
15138
98249
33426
39959
9324
7157
28388
26945
30437
74922
3866
95987
89714
58874
21051
84092
81716
99690
70687
21908
2352
93230
31895
44158
29136
64003
3966
81539
58375
18144
78556
89865
32745
28335
46177
58421
35492
74565
85366
82281
65839
89232
78268
71906
64458
15672
55998
46175
15362
26685
84435
17714
36267
16330
78225
81756
80334
82191
63295
55061
16687
58204
44927
49432
86539
7456
7854
38383
82021
93220
20665
47860
98805
15285
19766
63263
47309
75765
25790
62671
18802
10225
96738
71422
26556
74963
53178
6890
73506
32825
78303
90194
91029
39582
55978
93920
47038
63832
32304
29059
73405
69321
93272
72210
84606
13038
51825
31916
5155
77616
10939
40310
87841
7677
11732
14397
98992
81262
37639
88851
14087
15943
95397
5117
71877
51375
15389
18916
31560
47693
47975
4965
17014
41247
93527
17973
70638
45352
66241
92145
22968
77180
48807
10810
1210
60539
41559
16554
58153
95551
5405
72241
27846
17154
93710
99723
68530
9099
18639
16442
73145
82967
21407
6511
40566
14934
24484
27556
60286
90725
19702
99607
84258
84861
26769
1820
61753
68328
18374
19906
80231
40132
8499
8077
57286
2209
24153
42168
27661
42792
58610
17158
42111
96369
23669
82678
11303
48154
26586
87942
55231
62640
3901
39489
47502
30670
41309
9255
15350
76036
29161
95582
32520
37661
20011
6158
56222
44164
48327
235
3309
23289
17393
61772
19659
41063
60802
47314
5569
87389
51608
60800
50029
55509
16642
97531
2531
57951
23138
17882
50339
52300
29816
82859
6313
66179
89018
78887
26696
53697
95475
46357
93338
12868
8129
29349
70283
68932
93016
75852
56321
44624
36653
22702
16486
53295
36586
35369
27598
59724
53251
94290
12024
99419
93501
34689
65599
98871
29929
8647
52568
25404
55004
62259
54624
63133
91608
24908
32065
84624
760
4738
45601
53765
43793
78439
23412
80379
13808
67363
40103
83412
61653
68480
82831
55154
3169
64782
54026
49450
73429
22946
74854
28433
85205
29479
7919
93166
54387
56336
94142
71499
77427
39743
41617
21220
18182
65029
1599
48343
48744
41702
31755
26749
26534
30938
81904
46056
12073
52282
95506
85502
91580
70361
30288
93138
16192
38207
86304
86931
94543
96798
58430
71970
36542
16399
9542
71076
97781
11141
19419
46525
69196
67526
73275
95730
98465
71531
58138
10538
40165
53645
12392
31745
40358
59032
41235
56550
97239
43891
43481
8135
40690
18263
96457
77232
34663
6000
64660
32444
33493
432
95321
2689
67958
68596
14772
82775
40127
89262
9665
80292
42907
38410
28390
83265
97442
69625
56167
11034
13517
99648
19169
54207
34264
31978
47791
68927
37978
28803
17723
87824
29235
13044
6865
13546
81641
37989
12673
38120
27252
38691
34765
70159
77101
79507
69777
74543
65484
25944
85577
79001
41945
21098
49560
76209
53077
13703
61488
7407
42507
79211
95231
88094
92255
2097
1640
90248
40086
30666
44721
83690
69357
79486
53850
46458
58993
39979
37353
24477
82275
22931
19831
24220
60381
85743
16781
29810
15799
78269
37218
74658
73832
48801
62752
82440
50898
80745
72688
7337
11411
17409
91027
80768
13247
61229
43578
88592
17560
80931
13070
99836
20214
49253
40408
80596
51348
73542
10406
67147
51811
63976
41805
41996
12778
4558
24436
80028
1655
13476
3717
13066
47238
11097
10186
76837
88678
53764
65430
6239
34695
94852
6075
71262
44105
62835
68210
11805
36377
94968
78953
88189
58945
37110
46537
88075
58020
87325
84455
59675
801
88173
89093
64391
15622
99279
41229
4300
53043
6659
10539
4091
1511
16614
91705
61968
79450
59915
90125
15827
54883
69078
20368
30180
22541
83257
34607
80561
70582
19063
56589
87736
7236
45682
68479
22858
61314
9708
43510
14357
32719
54050
34800
50582
87016
42857
28902
82818
2772
19028
14998
74008
4458
35366
20540
26999
34976
55148
23913
5558
74211
80502
9646
97799
42536
78126
37009
3850
4186
80519
34560
36906
50921
85712
3840
37938
28570
32743
20756
47694
68123
35754
38054
72581
87473
74947
15933
22449
30095
56198
44359
20658
53052
70358
34809
95588
48484
88170
15791
69022
85041
50351
22280
35963
52415
26121
90253
80985
75216
11009
45032
59691
63116
99438
48624
50589
74385
64557
89390
4480
37107
50101
41490
90159
20459
92651
2100
85295
80821
17891
54318
82215
84594
76598
34530
37009
19071
24783
34347
10639
52144
95731
70330
15260
95169
18955
82201
69555
99864
71591
90387
36972
38045
31878
43483
58504
24529
45583
43800
21703
79826
14470
3918
64420
7420
38448
17782
26492
79583
52129
53483
31727
64212
23814
63340
59381
59121
45541
28936
75337
33485
19324
28661
71530
67554
72145
46386
92083
34080
90186
30138
13907
21008
50408
78327
28429
5208
12461
71273
84791
80942
41108
32871
45154
64922
96211
4536
40395
58104
49824
32085
91589
69148
60746
79471
53054
32891
25858
61490
66972
32396
91628
97231
53405
42037
75558
98186
47245
88020
85811
48389
68962
26919
81260
30469
8194
93823
35005
48589
51927
84829
80674
43517
70330
57773
22988
23384
7016
65198
1226
73988
97595
92855
87571
51000
51244
63130
65538
14841
67502
51349
63230
52816
78268
60842
83285
86462
54665
34642
51404
6593
19472
48430
66462
6154
6203
5802
45890
13220
71001
47117
3560
68596
56324
91132
35948
7568
70614
1486
22409
54468
69187
1992
7284
47455
62834
6922
50270
17500
41564
1674
40445
77388
50104
6907
83542
72660
12709
45785
2232
62
9254
5792
68658
65578
13276
20958
73146
242
38796
11907
54710
7983
30251
61995
71791
93086
68917
22061
10586
10481
40087
67383
4222
6543
74290
87764
79203
3351
49901
81435
3414
59155
3580
88424
24733
33208
25735
14231
33451
64531
42491
88161
88867
72742
66508
60658
65828
51777
82719
92766
78611
39158
60149
82833
45701
34439
86949
24905
54143
36851
22692
57557
96006
42624
62333
20740
92185
88068
51323
25636
68952
93814
30149
57819
66557
13010
18477
32385
64787
17548
41504
43398
56706
1653
42583
2407
52445
29533
43664
6588
66384
82709
80497
62390
25333
59182
99482
33870
47251
50806
59506
32555
44620
6008
90374
11177
19018
8851
59915
157
42751
1419
59908
99457
19424
2491
18216
88221
32024
61881
11161
14760
60942
8010
93503
86275
67193
92985
36498
30796
43791
12356
63351
4764
18364
53725
15941
53734
78928
92208
53892
21679
9979
30152
37488
29404
32643
55704
33977
81020
33937
45139
12132
94879
53149
5635
97507
20342
98621
34005
67490
42412
46361
30841
47176
64726
918
79470
34812
79846
88030
5056
17877
98010
35208
55365
43766
67852
27422
77743
65224
61359
39234
77356
56239
92384
82992
70098
29078
81613
4103
96569
40377
66816
27410
3906
47894
28329
99728
82707
24527
87758
87763
42405
2120
22972
14122
62238
7176
41544
39982
72400
19256
95568
66108
91847
87952
49100
61945
17031
47065
82400
29952
3795
49216
57362
24053
97111
2043
23781
96170
42923
27891
83933
1680
46364
23257
15802
8602
30433
73699
64936
19185
92955
60505
1646
84802
64809
50746
63099
81840
14164
45499
11792
34311
11067
85507
58364
8178
3902
98497
4348
46825
42740
4634
48505
89104
27891
80660
14059
74677
54359
78995
10214
63666
55852
11860
48468
20662
62607
27919
18854
93123
73418
46999
27434
837
32506
2150
9016
52760
647
29716
99586
43387
34350
64443
48844
62242
45103
62903
53271
99462
58250
63485
63128
14103
75346
27948
51117
54305
72219
69971
47428
61989
16970
91214
62827
65828
93364
71843
18589
94011
17911
34527
53750
52262
98970
2594
30856
44074
81849
84127
59888
40100
47612
39369
70555
22958
83669
21672
93615
55889
7995
41043
34230
41318
48609
97057
7146
41973
85252
42087
52336
3164
76614
22439
55426
75585
25033
2634
36011
23235
86761
12251
79687
50725
67972
50242
90036
51642
88266
83651
23883
96261
41047
58113
37579
89656
55171
61078
47982
40423
3165
16670
59939
96132
39109
15365
71717
80495
34351
24080
3730
21112
52683
83417
88190
20656
50011
78226
72298
38277
78229
12533
50890
19276
70646
4822
25285
42169
65900
89619
98945
85417
6289
58884
81549
61751
90602
69618
42246
24953
10050
45976
62418
62734
29393
50608
83390
79404
28834
72040
34033
23415
84573
84923
59044
71571
6097
681
13741
71997
90300
29038
73767
12941
87922
55316
74692
78524
41287
16938
19830
51337
79266
82248
14071
8659
32856
97461
4415
78042
69501
54800
17809
70426
39724
76853
41998
62173
77534
72091
34171
67834
1129
24290
97128
89051
95958
71820
83928
37245
5111
3758
88583
84377
2358
19006
9389
51566
32820
30156
29608
18673
84957
47417
89100
41033
40623
47450
3206
18157
19541
53729
2344
20670
78019
99472
26073
73978
71292
10001
27575
92755
30111
32510
77133
32469
51517
2874
387
84337
33030
29995
19362
17987
93765
8462
75372
34388
55912
78579
52545
75453
32308
54889
12475
26680
70713
38549
17010
42006
64902
44585
34761
95014
77096
28246
43835
44965
31120
44223
45654
64151
90570
65016
98490
687
89831
73863
35075
45743
68794
3973
37549
17454
75214
66376
44134
45928
4925
61144
4286
69828
22082
55399
81194
99178
99998
41381
60495
31118
1956
6149
11621
8879
71165
26464
9566
60996
327
60994
23092
85473
81319
76993
2927
72885
43369
47062
18813
64647
24558
39451
34475
46640
94851
32021
62170
94849
89754
22665
42319
8063
45166
53941
16942
16332
96757
42860
93680
97084
20206
16772
98909
1525
10117
1836
74411
53487
65250
9576
18134
6161
49028
68961
52801
60231
17334
31324
71432
23440
70341
13751
31503
15508
84044
64797
48192
80801
7658
41872
94237
44216
74997
93146
45742
85114
11335
36505
54953
76585
46081
73087
82746
11461
58400
51900
71692
75734
99576
59476
99175
69917
73228
47030
1777
57272
11828
49969
54426
35838
8194
48663
80054
83191
58162
25796
84657
69497
78653
39611
62434
41087
29050
61533
52548
87451
13433
40593
79537
29361
69
95064
15630
89649
42095
17408
63274
53923
67377
17700
89761
75571
82715
86167
75114
40877
28316
76124
26726
6969
15735
89161
48056
61137
50694
16957
64940
80479
73902
44478
9840
90323
39542
25470
96325
97989
59230
59599
51912
26608
93651
58025
18531
76366
44193
9998
33596
88861
86122
76674
95830
18209
82187
60239
79346
32881
93548
60639
29712
83802
5117
55904
74125
61011
81375
86802
59001
56957
46401
27265
83565
56404
1643
18449
49123
62188
28447
99071
51049
30921
75745
46879
49130
57933
23470
44828
7166
33370
5467
36879
17172
26936
92783
7650
87948
90510
94452
63301
47468
40854
6918
47385
13610
8561
65834
62733
70749
10633
61804
21798
57906
37550
85030
7036
95483
8500
51865
2649
41871
73684
55880
75395
621
48664
83045
4921
39174
77498
84574
2994
34704
91492
50380
48314
54
32566
11048
87155
59552
72852
8954
17458
26754
10336
24495
38589
18836
92712
57591
77059
82748
13471
52455
83369
62135
35500
4642
17662
29350
89216
20656
80406
97061
87388
28721
13467
19955
56121
622
79507
28973
25928
13317
72080
36264
37812
10669
71453
46876
68260
48512
29625
81732
17319
29346
60219
69172
33989
94233
14874
39557
31242
95281
52970
18630
24002
66437
54937
80123
67060
50796
25448
9340
64114
13880
45605
18278
24550
33410
65155
92810
98274
11132
90894
31946
40478
67466
1118
90819
61699
15992
46729
9293
11273
99699
27924
51627
66137
99213
48102
49549
50010
73551
75241
14124
87431
37198
32402
28333
70608
13909
37496
68883
25041
28390
829
81872
12208
18299
89043
73908
50643
35772
83201
61917
35472
27477
29896
17961
26691
77999
83862
93053
67902
59103
23529
71685
96302
55931
19
66910
86193
37515
52145
11234
82257
69326
9458
94466
87625
98502
84726
38269
50626
84279
16538
86098
28109
46434
20411
71152
40785
4273
64205
8687
63377
87734
80373
59679
60017
96744
42941
46210
50611
95087
73797
49220
80765
99607
43686
68391
98109
44764
23012
48736
29044
55902
51186
57153
18688
87950
28305
75826
92223
8862
84513
71952
12948
81238
47983
72965
94334
90925
35528
44945
2364
25677
94166
83129
25284
54204
67872
39746
98969
7236
4834
44365
79490
56020
17870
98179
60322
62527
90357
68898
71389
74870
40850
84337
72461
5186
73654
66795
12463
9182
28093
14827
34859
22259
14308
76496
92815
98533
16242
91784
5769
21076
52501
1612
93448
70371
16143
53771
32898
6500
39021
20639
81370
79871
21328
70183
1409
94983
36979
13872
20517
65072
28699
71729
3683
59360
48225
96498
57893
80819
4635
80014
1895
57136
81626
95343
27508
97769
65466
76758
4269
4487
97398
1992
711
18726
72175
18472
30061
25506
32345
50579
90578
77396
22308
10613
36756
86885
23464
11001
67704
28099
91016
85951
85235
72642
97646
29095
86764
63113
22206
91033
83952
19604
9377
1015
54682
81553
35840
84744
7059
68185
35323
13990
45581
73983
24603
98690
60868
48067
26043
44924
92518
17059
30875
94106
6054
28521
39553
9170
7986
61759
16555
8291
81363
25933
25658
52398
7486
61498
37142
30897
29683
72465
61239
91617
62800
2195
6659
40020
66614
32702
84944
59133
49762
32171
69591
72168
77044
9144
81338
85031
70904
97893
9674
68619
23826
35332
21017
47664
96831
58159
94914
42866
46976
56153
34483
26128
58348
41142
66148
41315
90197
67444
448
56311
15967
70039
28479
93012
79183
26169
78043
66439
40414
87717
35059
80593
39401
72428
28257
36232
46940
39523
79099
10268
95677
29934
36397
70377
87429
2545
11692
77626
86342
28492
33937
2309
14883
78768
95321
94067
4937
89716
76858
45351
93785
28269
25944
49539
698
70554
85771
47638
10077
81222
74258
22106
11157
10655
8836
98586
29553
36880
92564
15895
81725
26501
34556
96608
5269
46230
7027
26558
52298
83886
88261
62436
12155
14206
11975
29205
1112
14098
93195
27541
95321
67454
66000
22830
78109
91188
37768
7662
28068
30332
39909
9793
73185
74466
22754
94806
20696
29781
21364
89346
13667
9625
51782
42175
40183
63757
71380
57647
77856
64576
85189
89529
48382
67541
12359
26491
58729
50127
50506
3149
96811
90415
29295
69996
81233
52049
64802
18281
81830
2518
7628
11850
12143
59410
54025
68679
39520
25405
26326
33728
6333
27867
23257
54715
95408
51968
97559
54137
18447
48065
57287
15258
54832
2934
1606
52418
54983
82760
70699
36813
85278
78327
48663
13773
54090
19040
82452
9962
60798
25131
60042
67131
52998
99651
38199
48407
51619
35758
18896
70066
175
92535
1676
71359
95469
19634
23777
50452
2394
94477
3618
87672
89156
68633
1445
59598
87674
250
85912
48472
25381
45954
31955
78379
45605
70154
43138
13576
22264
62035
99994
38791
70922
18022
26503
66392
37656
50280
33196
40050
61109
53166
27722
66618
21800
45520
42568
25826
45770
44833
90650
71151
90787
38957
65882
52745
25464
25373
66321
64080
3760
82668
2872
74682
690
45727
41074
38347
12359
90623
78397
89821
43789
22472
56439
81941
67992
15359
24119
13762
60192
14769
1265
67332
53727
83499
36429
79191
8872
19102
43271
12632
1770
62495
87315
2461
24574
44741
40808
36934
51716
35557
26755
95506
58029
99546
93799
26021
14905
17919
56135
91450
32688
73752
58782
2767
57252
11563
98310
66124
30665
57934
95109
32436
36781
98776
34897
61356
43517
92057
98290
11586
27614
25045
7092
85644
24591
17243
28017
55848
35162
84153
47298
67851
57905
22432
86970
31509
33995
85281
97634
64661
59567
92743
13449
96348
91519
48346
57704
51388
40403
72346
62974
68017
13743
86418
70013
38334
3662
98031
10535
55176
98536
57833
39379
72793
96618
26350
4303
46965
27983
18289
11626
87550
11032
25075
250
18903
89773
57955
86643
46528
46653
65970
30898
60397
68740
911
15083
88754
15294
25618
43931
13830
99804
83310
86624
96422
26012
7279
43387
53995
25568
71366
57897
52952
12793
58148
88207
2567
32455
74850
65447
79108
57172
96345
55857
42265
97257
70941
47371
28903
12911
91302
42734
12715
90965
45710
25489
16977
52989
85229
87325
94909
72947
45222
47861
2092
19722
36068
4659
52177
27270
86459
47638
795
82804
3495
43060
96413
90788
90431
25317
3700
98086
84403
32767
5403
30113
74609
22380
99454
76190
26057
94363
49137
87632
58576
51229
7354
94644
72241
75884
21914
58700
23522
22709
57856
43369
82121
54270
34158
72553
79587
54210
86991
63990
86977
92394
10455
61586
31126
26261
54128
57184
36976
3265
44816
95552
70847
68522
6548
59440
44406
28462
34492
67928
67524
92348
27650
49645
46618
61808
38550
26205
16018
25541
6547
2995
17935
33354
80934
49062
75967
51414
22598
12943
54680
83766
24847
41879
52288
31395
1319
13047
76210
52163
97327
60086
44511
24977
9731
91130
86785
64634
33687
19155
90175
56587
38503
24463
89941
19437
89877
82261
87203
12475
11556
58235
96241
36404
114
64881
84151
17785
94280
76713
69948
91608
36799
14460
32937
46531
21942
19723
27517
55629
55230
17692
12216
93733
42155
18510
29522
48384
17123
16726
60859
28679
74961
73452
81435
75076
54686
81939
9213
48966
58652
95514
56926
95452
9974
89864
58335
48268
25939
85852
3897
81169
19896
32466
74903
78404
67328
4425
26788
84451
37503
87648
29482
12465
77452
10918
3893
32138
92857
13106
97457
67861
24972
54383
63313
51298
60599
38000
99566
86538
23852
19816
84060
60101
52282
58963
38505
35962
79740
65293
36765
17244
69293
66247
46061
46746
77165
49954
95236
86374
79412
92693
54236
4385
63429
33901
55683
24028
71902
71602
26919
12106
91418
10979
72207
60052
86294
10712
96014
66034
92358
32779
99630
61651
15378
45691
24749
92544
11997
19986
95270
7762
29031
65858
12147
92460
99760
84182
32841
71662
55784
59760
83768
47202
70739
72328
23606
57033
83040
19620
39419
91750
68751
55402
53402
84130
17445
94503
93026
45795
30841
4648
53557
59873
70507
65704
68685
70267
66238
1526
58281
22023
61286
58401
85577
48377
30729
9184
21762
30122
45156
61182
21872
30260
32936
91626
30742
50381
86130
40120
96176
16971
44768
49733
93196
31627
31789
61882
1894
98028
63408
76527
36403
41047
34929
38332
89424
65658
63868
11187
95780
25377
88721
34005
71989
38009
41983
2731
88390
44465
59203
919
61437
3971
67004
70985
51951
15146
32867
53845
29526
12628
30373
65929
70027
81654
20613
75803
47312
84482
3342
59445
26211
92063
9802
98200
46424
51785
17283
51167
96251
76486
52086
74040
96809
35442
45025
48760
50588
94245
18958
80114
23225
65683
62395
93252
47337
83009
69055
11001
83843
72398
70446
26406
80813
96600
24606
27238
48386
41889
78405
44637
34727
46843
35029
31536
82285
96406
96649
49226
90651
15607
29340
13876
81290
8088
7128
44979
7449
92536
55980
7644
64934
42779
34050
45747
39379
75008
89337
4117
16897
67742
65106
67976
14585
135
99512
96871
96542
96161
62449
3545
28120
91789
33774
25762
16229
57254
70741
23678
49790
43074
31322
14724
2205
81724
76824
57936
56732
66161
62054
89981
50256
27160
57957
64841
43648
57470
78064
56542
69983
40513
76439
98104
48655
10213
23866
64884
67468
10960
88563
17258
70386
36237
48335
72591
17962
41511
30527
74694
7672
8933
81028
57928
52446
38985
39122
12446
12807
17186
68988
82791
57700
61779
97247
22707
71993
37465
87591
39461
48425
92506
73071
35163
45096
21406
7754
63058
62917
54634
54104
86942
79919
35132
61222
32365
90470
344
61163
3277
33883
46503
2420
7935
8283
99667
30642
80276
37133
18233
36089
1910
10740
9160
53426
55836
46919
77532
35246
26188
32166
5702
13130
28438
57187
90705
60803
47657
91049
38319
50934
24932
84822
53355
32867
93105
69374
79861
73381
22859
98095
25822
41122
25187
34983
94548
97375
98254
72080
48973
24442
20599
54675
53925
49037
11862
44630
26192
75871
35679
64511
26806
76964
49334
96513
26183
42439
65887
6045
32173
5099
20492
74347
46221
45679
9330
40769
59406
23936
29201
8379
48379
49800
79406
2304
15189
7621
46934
41382
83492
98965
22245
26650
92281
71579
23163
18465
30371
5403
40862
78896
10502
61354
53243
56723
7033
78926
13844
82791
2862
43045
91170
67593
9198
70576
69897
24387
78197
33183
82121
61690
48501
4367
4692
40782
75946
27856
59247
22669
49611
109
17917
60113
77815
71161
33188
1200
66439
47032
83991
85653
6429
75161
53247
31979
62090
39496
56367
40287
89032
38488
18329
37533
42855
23022
78315
35154
67230
53915
74175
16841
54024
92093
93306
48192
79606
26494
49392
46045
89878
33384
31698
96307
8545
1297
28287
70635
57146
1006
27275
46178
55846
61956
63
15054
1330
78378
50208
68560
32293
40735
1753
2670
32828
95059
50862
12434
21553
254
74831
11431
33638
22882
24091
58536
24179
68730
45523
97677
69736
72798
43855
25582
34755
43918
40636
36085
38649
7196
20998
87294
64284
22751
89964
97112
34163
57178
25899
55716
73785
17082
83500
23775
39964
7591
82311
80496
76321
27835
78173
62409
16985
38381
4343
68092
98651
61332
20530
37300
68528
41528
24595
49164
80631
30911
46277
14794
88090
88528
86863
78227
5610
70363
2002
61927
94306
84314
42423
86979
28501
36948
49388
61838
75329
70083
29931
90333
31415
50461
43985
16296
8341
84932
65460
5324
15844
28089
36471
20286
16617
23334
98513
38580
10049
515
507
4355
1181
42930
91334
46034
96230
57074
7873
87912
27157
37804
78245
58573
4617
22230
74869
12958
23515
56681
34634
39359
84771
71105
75997
1388
94439
90862
56320
4488
7729
56827
25195
8911
16109
32881
54945
12340
89955
62818
252
33465
16974
94849
92038
21591
33431
83259
50901
56946
56292
85536
12657
41063
56641
88654
58804
67433
95868
15124
88273
3598
88304
13469
12509
4413
46350
83806
33105
52658
46625
49709
86123
79951
44558
94513
1543
77990
94124
52444
34936
50416
37980
63946
91480
10974
52600
66636
78407
48469
81760
83032
52067
70064
12853
80928
90830
59204
64734
23935
28214
27711
89997
30689
7663
34555
25202
25558
28897
35678
78002
80186
2446
32335
44132
10278
43309
13084
76914
38068
77905
58675
37452
46324
45091
50306
27252
52273
9510
8339
92561
54076
52402
82558
84765
76417
17113
26319
1975
62363
78349
96330
58901
80795
28665
3033
91074
88326
32469
67988
42746
10375
43015
80198
56699
4459
30504
304
56732
56366
8643
49293
26794
77397
31851
11559
70167
65317
54230
72142
44032
32579
84824
2933
13375
29841
5966
4449
34519
38435
88789
93617
65162
31805
73816
21862
52616
20672
22166
9348
93391
47161
58642
20185
40910
6845
48097
11077
88514
2327
99572
32546
34907
84396
35479
64634
30590
57797
85435
65109
12585
74224
58727
77747
22381
48895
15961
74997
69567
38127
84346
79310
1640
59340
99496
42551
82537
63945
53628
71052
66272
53200
19950
17531
53949
71782
82165
84539
29579
67600
49648
58516
41825
24727
36264
80558
73622
68577
55556
59542
23057
56254
38852
24697
31946
54700
83600
14483
18645
53581
1887
1270
6781
21838
18801
77082
93620
967
61621
39551
84919
27622
98068
43096
