10090075
10073668
10072405
10030106
10009021
10034006
10069099
10061000
10011161
10061941
10042229
10068239
10009229
10061851
10056647
10060722
10019502
10088909
10022436
10081385
10075338
10019210
10062931
10054501
10019251
10067066
10022507
10090157
10005011
10051669
10057237
10011438
10041689
10029643
10041544
10050710
10063649
10026995
10028063
10091162
10088937
10070292
10059401
10098166
10032143
10032401
10075241
10067998
10037662
10097677
10049383
10013000
10033239
10012314
10067501
10068842
10095732
10006360
10075351
10000743
10074381
10032589
10012182
10032422
10078584
10070078
10083133
10058585
10097074
10027548
10066099
10002363
10097840
10041852
10000529
10029983
10074253
10075770
10014333
10011916
10089800
10063717
10041268
10023039
10092383
10025122
10091882
10088116
10031482
10067233
10088859
10022216
10016174
10017393
10054638
10094758
10087472
10054123
10069695
10000898
10081671
10035794
10003261
10095863
10077647
10020142
10042199
10068252
10012265
10056532
10080168
10002065
10020249
10021437
10041456
10012633
10062911
10033338
10017101
10094393
10016924
10005960
10032961
10033098
10039706
10003952
10044209
10043530
10058075
10030256
10044428
10056099
10082403
10064041
10051962
10060050
10000535
10094161
10028302
10012800
10067046
10024823
10031217
10087295
10062612
10072674
10016280
10025523
10022364
10033381
10036268
10039288
10055694
10085582
10088739
10095400
10089534
10049300
10038930
10063961
10095908
10099710
10020060
10078311
10080103
10088375
10038361
10080638
10098888
10083016
10009791
10065934
10024191
10041008
10053230
10086803
10030034
10085862
10028678
10052399
10019244
10064946
10008039
10091290
10050528
10013130
10086690
10056414
10062430
10041972
10020376
10058339
10058034
10056788
10036650
10054489
10045163
10091364
10035127
10044052
10090732
10061270
10026338
10014923
10002279
10079568
10018078
10048665
10081783
10046756
10001064
10001027
10028054
10009104
10092317
10094935
10038586
10095359
10051349
10001017
10053683
10088077
10075708
10011717
10044866
10028710
10066206
10090029
10036426
10017685
10050433
10027158
10095308
10076772
10058433
10097587
10072692
10092863
10046252
10054475
10055971
10063669
10071854
10000378
10089125
10080523
10095313
10027711
10075882
10063014
10045080
10029565
10051092
10037140
10057634
10095958
10082203
10040192
10002339
10018629
10074230
10052773
10062140
10069538
10029545
10036925
10083477
10018589
10029789
10046081
10073065
10085760
10009750
10044919
10086138
10015227
10025443
10097803
10059291
10017677
10060818
10004371
10063595
10028262
10057864
10037581
10024220
10040067
10094126
10026559
10058696
10068356
10095684
10037188
10054246
10025229
10074114
10037723
10043819
10003903
10000156
10033236
10006015
10026259
10094507
10008506
10041486
10036302
10006309
10000777
10053980
10083479
10021501
10033927
10028093
10079365
10071508
10052313
10019432
10065634
10095225
10094480
10050342
10090909
10031669
10004588
10032491
10005783
10058663
10092662
10026038
10058820
10025898
10048405
10001431
10036757
10056911
10042917
10073060
10079573
10060047
10043392
10079404
10097900
10077319
10007498
10077265
10065179
10076163
10013049
10047166
10071388
10007529
10097508
10078650
10055550
10018449
10011141
10077685
10093464
10003803
10003723
10068636
10046053
10052129
10070067
10082810
10025392
10029337
10055870
10021317
10005736
10015614
10000722
10003636
10092933
10024572
10097253
10074465
10000735
10010302
10021631
10088476
10017831
10035491
10067126
10089734
10070292
10094619
10067419
10063757
10098422
10071143
10048745
10060827
10039624
10018813
10043637
10081368
10064502
10015860
10002686
10070238
10031474
10003408
10073874
10040760
10044332
10071127
10015225
10045067
10097781
10053208
10033543
10031964
10005051
10017021
10021698
10075344
10011640
10089118
10055453
10026414
10076613
10004198
10087241
10032589
10023011
10047231
10013957
10087513
10063091
10016643
10074103
10010917
10036403
10064329
10051677
10080735
10051808
10083254
10042155
10049589
10036462
10092050
10081554
10041514
10009072
10003252
10033210
10020712
10008722
10088663
10063479
10085335
10009213
10050720
10017924
10032225
10014303
10031882
10036090
10093746
10064877
10026546
10004664
10017633
10090875
10072693
10098368
10042684
10055948
10056875
10092273
10008762
10048926
10073827
10066628
10057998
10093432
10099838
10095062
10002154
10004853
10058541
10003842
10014067
10025614
10021766
10062644
10056269
10070000
10015086
10050016
10034878
10041632
10054680
10052511
10048860
10027373
10067231
10091544
10083321
10024107
10000169
10008436
10089385
10090349
10075064
10047383
10000133
10074903
10058797
10002287
10096108
10033691
10006129
10010175
10075657
10044248
10089171
10031926
10014248
10004258
10081942
10065478
10062242
10036622
10034341
10011102
10080348
10001573
10018998
10080021
10042032
10035520
10088457
10031417
10042221
10063522
10095152
10042354
10054777
10053949
10044641
10050885
10003992
10067123
10077413
10079649
10011371
10082936
10011576
10041971
10003546
10009870
10007450
10065789
10062845
10041791
10093243
10043193
10059716
10028594
10039566
10001748
10064114
10028024
10049517
10006335
10007898
10044669
10065041
10079027
10014971
10026034
10046264
10018963
10093157
10023677
10098613
10020880
10022966
10026541
10079204
10026512
10036411
10003006
10008653
10099256
10044797
10001897
10058801
10020866
10046843
10098368
10038966
10027309
10042744
10088484
10049996
10050642
10049505
10015037
10029669
10064476
10041071
10092285
10083440
10050581
10032315
10098405
10071461
10055281
10024946
10067017
10081793
10077709
10070023
10090447
10093318
10031173
10008696
10052119
10052039
10071891
10066839
10007357
10099200
10009583
10095841
10049196
10076577
10061699
10080585
10022598
10026175
10021656
10014884
10025967
10072237
10047199
10024372
10060051
10002480
10065670
10043420
10000625
10059732
10013444
10007424
10053050
10044617
10016120
10021521
10013008
10004363
10088361
10020365
10003563
10097944
10032559
10069111
10090874
10094258
10049696
10013472
10036785
10087705
10028356
10062753
10076294
10075555
10003477
10036345
10094387
10069148
10096118
10095013
10045232
10009562
10018789
10098282
10070531
10051262
10019803
10099891
10055625
10024516
10020256
10059189
10038813
10069167
10028300
10029687
10079777
10094349
10043159
10016563
10082054
10087868
10095668
10058348
10079775
10099145
10011046
10074163
10084645
10007164
10085528
10029877
10016726
10004317
10044511
10003609
10055579
10080667
10003500
10011205
10005183
10040108
10086746
10043996
10025628
10031398
10073683
10005405
10025747
10033195
10038320
10024153
10021063
10033988
10082502
10000838
10033134
10009900
10075001
10034131
10017064
10076881
10064009
10050142
10081199
10008520
10070103
10053130
10089187
10073603
10064335
10010723
10013711
10067433
10054719
10055691
10098832
10044755
10061097
10040931
10077950
10015769
10081437
10099013
10049758
10080291
10016203
10099244
10090191
10091205
10049727
10007255
10084438
10013736
10073749
10065637
10038609
10043852
10018768
10044148
10017455
10099455
10054871
10047518
10083241
10025943
10019562
10098425
10070698
10080659
10055708
10048648
10012780
10037145
10064013
10062538
10017436
10080216
10078134
10007627
10087773
10027862
10031234
10072212
10057950
10004983
10054201
10012911
10065187
10072969
10057060
10098994
10088777
10028283
10062865
10072018
10070578
10082427
10086795
10041276
10079438
10042503
10006276
10092218
10079649
10086641
10071109
10097085
10066858
10065595
10021065
10070983
10009809
10052299
10059547
10067760
10073635
10013749
10080671
10038822
10003070
10054083
10037817
10091847
10098719
10017034
10080217
10069297
10099461
10083364
10026926
10078899
10025868
10049554
10087469
10005517
10036196
10058578
10018954
10019406
10040526
10040019
10090389
10050335
10008671
10049937
10018095
10082306
10080038
10015119
10037480
10083108
10085554
10075297
10091308
10000625
10008683
10087877
10069923
10008144
10071242
10013201
10003395
10097110
10062755
10007217
10018979
10098951
10082147
10037933
10034709
10022673
10094305
10025099
10073009
10002976
10091388
10007456
10085282
10071426
10022575
10022762
10054534
10024482
10014412
10045842
10025107
10023095
10033720
10011382
10047592
10021314
10024583
10067339
10018424
10003691
10074556
10037403
10018994
10056704
10075336
10053704
10079377
10069641
10078803
10052386
10088969
10086543
10076195
10074251
10074321
10015122
10097014
10028855
10039604
10027778
10091050
10081064
10050873
10041122
10092446
10014817
10062436
10033382
10082157
10097212
10053425
10056713
10034615
10072419
10013417
10026303
10026123
10009147
10012297
10021278
10061533
10001266
10007821
10054080
10091870
10082142
10069203
10005236
10027350
10008807
10033014
10034752
10089871
10000239
10092226
10098670
10015057
10071014
10048404
10013566
10068226
10001829
10070279
10019193
10090600
10000049
10045496
10016724
10009196
10074145
10038002
10087081
10075412
10045824
10041162
10067282
10044318
10010365
10072518
10088020
10035524
10021884
10022772
10025396
10022123
10031350
10040418
10053532
10002364
10005174
10067098
10070590
10023355
10053730
10006135
10013955
10053779
10051632
10030679
10062975
10042129
10068682
10066408
10033893
10030858
10007570
10017527
10091528
10017935
10006397
10079549
10069812
10028281
10018673
10011560
10066757
10050024
10051978
10020289
10068740
10073504
10003740
10055683
10096859
10057470
10061818
10027166
10011249
10013450
10057846
10074224
10055580
10042880
10056984
10089473
10090090
10064555
10007001
10081618
10098842
10013398
10077519
10068654
10058032
10096193
10080214
10024789
10062569
10048544
10061430
10031309
10022048
10065170
10086992
10035259
10022640
10048811
10062426
10033889
10078613
10020272
10024465
10050545
10079504
10081450
10056371
10069594
10062357
10079724
10067564
10061199
10009474
10045084
10029854
10067506
10057629
10026420
10008647
10020198
10074965
10070078
10067859
10013365
10035248
10054852
10048625
10057889
10020015
10027403
10008130
10098628
10064027
10032596
10049174
10043531
10030398
10005545
10029477
10092755
10001621
10097041
10053954
10011095
10058477
10000160
10078602
10016106
10026581
10087249
10052656
10017898
10073679
10020516
10047615
10008928
10075368
10012592
10066817
10095383
10039995
10074947
10010363
10004022
10023895
10059537
10063905
10054293
10081434
10009734
10047048
10083055
10023128
10001003
10094151
10081605
10017515
10089105
10014064
10060448
10092706
10066720
10078346
10066386
10087236
10042314
10091666
10078956
10054906
10058483
10074339
10094902
10049782
10084703
10015276
10090030
10060592
10095534
10044323
10042027
10005268
10007724
10041434
10044748
10008727
10051937
10026354
10042594
10041042
10040418
10003043
10050101
10023490
10097741
10032839
10010727
10040055
10024505
10089683
10094962
10099340
10080375
10006216
10049122
10081430
10037844
10039152
10058374
10033378
10099828
10016753
10054999
10007552
10058188
10099747
10032631
10010125
10042453
10075225
10067520
10099223
10094620
10033973
10022714
10092362
10066812
10049793
10032417
10091317
10039476
10043731
10090657
10036203
10049947
10056131
10033985
10087792
10011636
10092360
10037522
10011464
10009113
10008873
10035368
10083653
10024973
10067999
10010131
10067426
10059576
10094003
10083002
10054197
10027976
10005716
10062911
10011140
10055509
10011680
10002457
10011337
10055412
10009466
10063893
10005359
10065597
10097878
10009503
10093585
10006590
10063378
10005049
10032056
10088603
10056769
10032061
10013576
10041120
10042192
10097355
10017049
10052547
10096709
10071246
10096875
10002425
10050509
10008015
10074286
10062189
10026824
10085623
10017601
10036290
10065868
10039313
10018240
10063747
10065168
10011825
10086689
10044898
10033227
10018745
10033502
10089996
10050807
10063430
10047469
10009351
10077137
10064518
10061899
10073846
10052116
10058774
10092623
10002625
10083142
10066909
10064814
10009966
10068885
10098768
10062609
10034753
10038081
10080849
10098500
10019601
10009026
10085190
10064500
10042253
10020287
10014354
10048602
10071094
10077784
10096071
10096798
10071274
10060589
10058697
10045120
10012705
10033823
10037744
10015330
10033317
10004653
10096496
10043284
10089890
10095264
10022245
10024644
10049697
10003094
10039496
10069299
10028472
10024686
10050151
10070726
10061326
10064505
10035680
10048772
10058641
10048103
10045570
10029915
10008692
10004267
10091388
10037749
10054443
10029132
10069431
10087760
10050137
10065927
10047396
10040028
10077544
10069641
10081024
10043593
10089087
10020520
10029244
10017560
10061559
10079395
10004638
10022885
10060252
10040318
10071657
10018894
10088421
10017228
10048809
10013465
10037847
10056549
10067566
10092290
10085681
10036997
10096403
10052171
10019276
10043799
10008551
10013172
10029793
10089575
10056766
10018880
10010095
10086010
10036440
10071654
10065406
10057430
10094539
10025658
10097748
10082549
10060904
10002521
10099777
10026066
10032338
10053976
10082615
10099904
10062619
10084649
10053253
10059022
10036820
10072530
10019173
10061723
10085702
10048966
10051298
10058820
10067847
10061393
10044831
10020639
10049400
10026589
10078070
10060291
10068599
10092170
10042840
10029504
10011044
10058969
10055570
10059734
10029298
10038185
10059639
10091917
10022834
10029244
10067291
10076006
10001774
10086464
10037729
10003829
10051783
10089027
10062649
10035982
10066773
10023832
10056621
10032525
10050421
10051043
10092816
10019021
10059566
10052009
10064877
10070610
10027330
10020447
10030344
10056628
10074984
10006335
10048545
10097819
10035580
10032188
10073825
10053706
10035005
10027907
10057535
10086788
10033286
10036537
10039122
10016411
10076721
10012095
10048936
10043495
10063139
10058105
10078868
10022705
10010114
10043745
10009667
10053796
10064192
10040011
10010425
10039176
10046347
10075322
10053347
10098279
10023863
10043525
10051985
10058868
10071432
10025873
10062008
10021070
10078762
10001130
10037482
10055483
10013225
10086418
10015330
10092716
10044523
10094198
10015421
10070989
10037943
10025088
10024786
10018487
10081452
10051563
10074016
10044151
10043237
10027363
10042430
10067100
10087240
10010767
10025968
10058672
10036640
10087976
10079743
10015402
10005458
10033577
10087238
10018684
10019995
10002568
10011400
10080871
10013119
10043174
10051860
10051062
10084614
10092998
10085902
10082418
10060913
10059918
10026569
10004151
10003633
10085351
10071251
10090874
10096119
10013572
10065898
10032759
10017900
10061993
10064514
10023359
10095570
10068104
10058395
10015566
10087024
10086147
10096437
10000143
10045673
10064649
10067558
10046640
10074000
10069812
10029058
10034913
10029730
10071980
10039064
10049715
10057331
10026668
10040589
10053450
10056592
10006488
10002562
10090844
10084833
10083428
10030555
10080404
10051532
10005302
10012322
10054908
10091450
10025111
10071404
10053475
10006112
10055314
10000115
10080112
10025126
10045526
10015026
10071208
10017506
10070442
10020923
10074837
10013462
10061513
10044640
10086406
10084353
10047202
10077251
10085538
10046982
10024158
10082294
10014866
10029461
10094616
10069774
10037263
10036079
10057530
10090738
10042192
10012844
10007206
10022304
10037970
10052732
10053682
10009178
10070238
10024125
10046454
10061427
10053939
10024319
10022419
10040346
10025024
10085973
10033949
10010562
10032955
10058107
10092857
10047821
10087568
10003825
10033948
10024831
10039905
10091478
10031922
10082097
10004323
10039128
10020753
10058645
10008212
10074436
10067824
10094802
10014913
10030630
10072581
10085204
10054949
10095001
10041902
10079973
10080974
10075851
10090535
10013930
10050311
10099744
10078103
10037879
10003570
10012051
10079063
10059827
10019882
10027337
10041924
10024205
10082817
10079029
10099202
10091029
10053465
10083378
10002183
10084730
10014008
10074764
10069935
10068957
10069765
10028189
10065282
10050740
10004041
10055818
10081022
10054352
10071914
10075477
10008583
10091836
10003881
10087646
10051663
10023763
10014983
10093587
10064320
10097800
10088969
10063522
10005181
10042434
10046901
10007364
10043517
10077261
10098481
10029804
10046219
10068246
10057993
10011501
10035338
10078386
10083671
10032712
10032738
10071938
10008190
10041322
10063774
10012071
10045320
10015438
10052186
10076656
10025377
10016506
10090808
10014346
10096380
10012342
10073133
10059633
10036058
10016650
10036895
10034539
10062806
10083114
10019138
10037151
10010967
10070828
10015538
10010991
10003541
10048276
10082929
10028083
10005950
10046703
10056506
10067623
10078493
10008692
10060631
10003871
10041550
10067791
10018217
10054282
10080133
10091350
10013916
10016192
10024352
10050811
10050731
10087158
10050277
10086221
10024310
10077596
10057050
10056200
10088587
10076943
10004476
10087868
10005026
10026779
10050924
10077884
10010754
10029417
10002928
10071385
10033288
10060830
10039176
10067858
10015112
10035662
10059208
10029028
10051854
10099913
10079839
10018937
10003423
10046468
10005159
10044085
10024065
10078561
10000285
10012652
10055504
10004762
10016873
10076882
10047893
10067797
10071118
10074999
10097214
10074046
10046384
10046855
10034876
10001912
10014713
10049988
10037574
10073921
10079017
10005780
10090186
10075208
10041070
10093610
10021677
10062581
10037695
10062094
10041142
10037981
10074746
10012998
10059095
10091619
10089880
10023340
10059416
10060998
10098339
10072983
10051396
10061075
10019838
10086272
10062987
10034551
10036260
10016914
10024824
10031629
10039046
10015011
10023190
10080116
10024973
10061219
10042697
10062668
10023313
10083839
10017001
10014411
10096837
10076096
10006031
10003069
10099436
10081799
10064067
10097775
10071134
10015463
10075202
10007324
10018087
10038190
10041875
10070700
10071456
10083052
10002329
10010502
10014415
10041871
10090619
10039388
10003090
10033316
10018408
10042755
10033508
10035410
10057167
10030345
10011506
10079550
10049767
10027295
10077701
10030186
10041422
10048836
10062002
10016625
10056160
10080089
10071167
10014388
10050789
10042623
10097440
10069471
10069477
10028207
10027694
10060096
10083947
10030785
10009765
10002355
10073540
10043273
10037765
10047059
10089970
10065624
10026609
10039737
10092919
10004311
10069924
10050693
10053147
10031926
10067318
10025659
10028367
10038485
10040047
10079157
10097460
10053839
10064980
10066938
10098398
10092674
10043386
10082345
10039811
10053151
10084701
10029704
10012776
10038818
10076763
10002747
10020794
10003373
10058836
10030065
10007684
10045112
10080759
10077183
10077038
10064429
10019194
10021758
10019267
10075594
10017267
10016727
10045785
10082247
10000017
10044184
10091273
10043404
10026529
10047437
10012907
10027582
10077141
10025684
10082753
10070256
10028431
10019899
10073629
10003619
10049965
10097665
10048732
10047076
10091200
10042122
10011505
10010395
10063880
10030772
10085989
10081147
10063852
10048126
10079746
10063869
10092310
10071020
10007273
10035192
10034809
10020181
10079126
10011950
10062217
10078231
10082206
10007000
10098131
10072188
10010619
10048096
10069853
10059351
10011524
10077406
10001474
10023029
10087801
10081706
10070154
10090142
10062854
10034006
10038268
10042600
10097875
10046931
10029972
10021501
10082123
10064781
10058034
10077601
10093083
10020251
10055833
10091642
10027251
10053964
10063830
10054222
10018412
10050035
10013574
10029936
10027441
10031400
10069317
10031594
10013106
10039471
10038088
10075960
10073477
10076357
10034913
10087705
10039640
10081237
10009206
10021763
10046019
10083592
10015716
10055454
10020195
10071549
10047096
10047446
10041865
10010926
10001668
10060277
10060962
10031594
10006565
10004755
10062994
10075883
10036350
10092453
10015354
10074438
10068413
10088832
10067147
10019678
10076537
10006787
10000916
10002095
10044902
10063287
10085687
10060619
10018741
10022234
10032168
10065838
10069680
10074034
10093116
10087700
10050663
10070430
10035647
10057229
10075186
10014993
10049464
10011536
10007446
10064818
10002326
10092212
10070002
10069474
10011890
10062891
10076261
10029158
10081338
10037516
10092445
10083377
10098135
10027539
10005611
10046655
10009729
10075291
10037041
10002845
10079344
10087705
10073276
10014991
10061286
10064814
10029984
10027102
10092702
10037431
10091920
10095028
10045995
10078275
10064502
10057885
10041166
10057116
10087044
10022505
10094632
10095841
10005882
10009119
10023380
10011494
10055774
10033109
10003137
10092816
10052307
10098833
10096873
10041935
10030176
10058159
10006749
10076513
10001613
10099451
10030296
10093533
10010831
10076291
10071808
10091686
10034176
10029327
10065154
10037572
10068184
10076138
10033414
10074066
10085257
10056794
10001912
10041031
10006256
10021402
10050199
10074915
10020235
10047072
10016850
10050412
10021583
10039951
10026925
10023196
10055754
10057221
10033082
10082937
10033512
10021242
10074623
10084040
10050569
10039777
10021613
10018753
10015915
10055027
10009172
10017524
10028173
10011084
10074908
10050781
10048838
10025107
10025696
10069074
10088532
10058898
10035838
10010115
10015201
10062763
10049664
10087307
10036336
10082746
10070245
10069848
10003988
10044868
10070240
10054558
10000998
10091853
10089663
10033265
10046880
10098835
10050790
10091406
10026272
10025698
10042187
10075110
10067157
10067884
10060536
10055689
10043134
10096374
10082157
10058336
10075489
10031821
10045643
10011825
10014567
10015888
10098025
10018555
10077109
10068266
10089465
10078107
10060119
10095481
10027724
10023352
10010668
10094866
10014758
10053292
10036916
10056945
10028403
10004074
10041181
10005291
10059763
10084316
10001666
10058272
10042652
10077155
10090093
10004647
10005333
10004660
10020536
10003358
10039568
10013997
10071624
10045385
10008456
10031744
10040866
10036180
10071448
10051535
10031047
10086206
10004827
10067963
10043151
10049582
10088389
10000685
10054874
10064505
10085001
10072892
10022777
10044005
10066399
10012871
10048652
10071732
10017531
10085540
10075091
10073451
10099537
10063067
10018837
10007993
10094811
10059703
10060526
10082611
10027590
10091573
10068817
10048770
10075888
10028321
10098352
10064278
10029006
10069578
10028783
10030359
10058822
10067912
10074364
10025222
10080783
10039368
10013306
10014667
10041261
10088397
10088118
10057150
10051465
10006955
10081496
10062628
10066659
10042022
10045240
10010601
10049947
10030409
10059371
10042187
10058730
10074076
10006465
10087736
10043654
10051600
10018095
10018829
10019513
10008811
10060403
10016648
10064532
10073709
10031315
10005793
10062107
10019434
10062943
10029924
10042741
10044439
10008904
10025752
10086461
10070496
10036354
10052760
10000906
10095725
10094948
10059636
10069801
10017765
10063725
10029808
10069366
10098172
10048637
10005231
10023336
10009040
10038231
10087868
10082749
10069547
10093661
10061208
10005333
10056604
10007484
10048074
10001044
10032741
10073827
10003857
10003237
10010181
10056618
10004143
10022258
10067918
10080132
10092060
10085683
10060209
10038220
10055049
10058381
10086857
10076632
10098069
10012249
10014864
10085937
10011350
10000763
10079598
10088911
10006096
10052555
10096395
10054170
10069951
10045488
10044349
10090160
10048726
10070882
10063130
10069221
10093141
10031048
10065705
10001553
10016732
10025914
10039773
10088133
10000648
10042982
10064766
10098717
10055231
10095982
10001007
10082933
10096745
10080605
10071844
10019193
10049512
10084592
10073363
10019463
10030080
10034065
10009624
10078806
10004947
10072754
10064380
10098088
10003803
10030085
10099641
10036887
10072352
10055766
10025020
10089352
10098748
10006138
10088069
10070331
10002120
10089076
10053265
10015217
10086034
10025109
10034410
10051898
10026053
10024126
10071362
10056134
10058191
10097338
10051292
10063138
10086444
10015672
10077579
10006599
10045758
10093572
10043486
10034462
10065691
10068507
10023814
10064439
10090997
10011883
10034771
10093118
10017312
10004388
10024687
10019698
10045849
10059098
10071596
10071903
10083224
10059310
10028037
10057767
10073000
10079329
10037257
10059445
10095002
10031188
10082396
10057112
10041113
10025883
10091574
10006804
10010742
10015388
10071243
10018091
10043623
10022366
10027561
10077287
10043106
10052249
10013337
10088956
10011347
10001286
10060859
10010923
10076948
10005248
10085042
10049949
10084577
10022299
10025746
10095931
10069840
10008142
10069395
10010953
10050377
10060969
10017757
10077471
10092709
10089000
10011915
10052685
10027719
10039476
10029972
10070825
10091725
10059662
10076133
10019424
10060948
10036992
10030347
10037896
10042240
10031741
10004197
10043170
10070393
10046295
10039101
10040233
10070790
10008497
10051186
10037519
10085818
10068943
10031343
10094880
10074295
10043258
10047565
10002014
10082734
10093889
10089192
10074460
10053551
10065325
10093884
10014499
10018670
10040584
10068748
10077262
10072325
10089297
10020432
10042718
10035593
10075886
10082951
10006383
10000735
10050489
10043902
10002905
10019432
10075245
10097785
10093728
10034855
10045350
10012094
10017590
10039240
10017638
10092050
10009143
10099316
10002286
10039995
10017986
10059222
10025095
10011600
10031548
10014392
10048385
10090618
10066337
10040623
10089922
10072720
10041358
10040411
10032975
10060615
10076196
10024572
10058401
10086276
10059428
10020103
10098370
10077018
10075695
10032361
10085420
10084839
10031677
10004058
10024834
10066015
10063281
10049929
10093967
10011181
10080673
10042352
10001799
10047011
10082975
10008073
10036083
10040685
10064837
10069058
10001301
10041033
10009983
10076054
10027309
10085763
10096157
10042031
10079133
10088205
10090744
10064553
10073044
10022421
10068611
10014230
10004788
10048244
10080511
10098756
10059425
10061184
10041108
10077577
10024547
10040436
10085650
10060631
10081121
10050487
10046041
10098774
10007872
10072376
10074828
10051533
10058139
10087338
10093565
10037272
10075543
10000661
10018177
10064939
10023083
10003141
10095521
10044223
10051385
10076032
10059331
10010811
10053568
10016792
10088388
10094468
10057228
10090390
10055099
10054701
10057230
10017492
10053476
10081454
10089869
10028304
10032988
10064360
10031994
10042905
10001633
10007537
10043566
10036162
10072476
10083001
10039303
10084349
10027225
10090689
10060381
10086556
10017852
10030302
10003348
10022592
10024770
10076928
10029334
10096221
10031630
10086564
10030065
10085106
10084371
10019934
10029762
10017359
10084295
10061757
10060264
10002280
10085646
10020182
10038442
10074475
10003184
10094098
10058824
10046761
10084787
10035558
10049669
10018991
10065860
10069370
10057935
10006982
10046298
10087269
10019555
10077928
10090186
10049620
10079386
10074557
10085907
10009149
10091916
10070202
10087258
10068532
10088834
10072904
10005066
10043628
10047379
10024602
10037726
10006204
10071363
10038865
10058114
10021033
10057856
10023974
10090403
10015791
10047308
10036701
10019413
10066863
10030982
10009599
10016483
10010368
10084156
10002390
10035869
10092424
10088944
10039479
10077308
10094130
10012384
10098726
10037759
10076115
10023329
10075485
10098671
10094692
10030703
10056785
10032077
10088559
10097111
10038832
10020703
10044419
10091886
10040116
10027634
10022868
10066067
10044118
10049588
10066575
10062860
10001810
10075351
10068157
10041289
10069011
10062287
10053673
10067737
10000046
10046141
10091066
10091884
10044812
10002111
10022587
10001598
10034188
10027498
10098709
10089373
10064553
10059481
10081259
10021021
10087115
10004127
10087088
10047585
10070067
10053663
10010446
10071877
10045366
10094955
10013167
10014377
10057242
10083192
10098467
10073641
10029333
10089533
10081877
10074146
10007996
10020816
10092096
10058537
10048314
10007157
10047910
10012868
10066638
10029169
10033889
10070106
10049648
10037330
10017691
10019715
10007345
10044489
10091593
10052712
10039444
10021112
10083441
10013039
10020656
10081908
10086680
10049990
10087794
10068557
10040488
10095790
10089373
10048936
10054327
10054039
10056093
10002237
10083259
10039084
10047758
10017149
10025542
10097406
10070831
10059585
10017122
10078176
10004075
10025067
10030888
10059871
10062531
10030682
10072910
10083187
10012590
10075942
10049529
10000384
10044499
10006369
10096175
10050224
10055305
10066854
10020616
10027751
10069092
10003875
10083187
10016850
10037376
10008729
10030609
10008207
10068314
10064083
10002736
10088741
10089150
10049976
10064965
10068033
10080658
10037875
10067572
10093249
10030170
10017102
10093633
10091021
10023471
10006160
10041246
10095129
10073015
10061862
10022880
10058459
10082089
10006067
10091661
10019466
10031148
10022270
10044025
10015814
10086353
10046761
10020908
10091855
10096738
10085873
10059888
10077396
10040100
10027461
10086997
10070270
10060915
10096983
10061292
10000738
10003143
10018890
10095867
10092510
10097104
10035099
10050969
10079193
10057518
10042631
10015011
10088666
10081253
10059037
10020833
10083959
10005798
10041741
10092166
10018888
10027614
10052055
10012637
10067714
10095868
10099634
10037985
10073135
10096617
10015629
10073873
10099761
10034519
10069741
10008623
10031623
10021192
10059593
10010816
10078711
10018576
10025828
10083729
10016181
10001217
10004562
10000140
10007015
10046303
10092307
10042256
10073917
10060714
10054893
10057984
10072934
10054527
10012321
10046069
10067497
10027950
10019942
10083610
10062469
10006035
10092233
10094092
10027228
10051826
10021260
10022291
10086754
10047088
10006020
10002936
10048305
10010583
10019428
10071673
10073238
10011735
10030281
10063508
10088801
10085174
10021492
10061735
10056053
10050165
10024156
10023550
10078115
10060451
10007160
10056936
10082838
10099394
10051028
10026418
10067572
10088640
10048709
10054327
10035729
10054730
10073615
10000386
10081665
10093043
10088411
10054903
10021131
10018692
10034763
10009932
10020218
10072607
10088020
10076272
10022772
10012176
10016174
10000887
10088979
10023335
10074175
10071818
10039081
10025203
10098236
10023005
10013844
10046946
10077332
10065925
10018028
10067299
10082663
10016045
10060343
10087427
10087300
10097826
10006119
10022064
10007758
10042690
10094671
10012130
10018962
10033796
10040659
10035136
10034683
10029638
10074823
10008859
10001456
10013904
10050414
10016045
10036910
10080610
10079343
10030594
10062887
10097371
10097894
10045551
10029768
10074589
10032978
10017068
10072415
10055449
10055484
10096525
10098139
10050156
10025008
10033453
10083952
10065667
10084942
10034987
10011657
10059765
10060198
10029466
10090022
10026965
10045511
10043284
10023927
10024854
10073878
10086815
10038577
10088124
10048718
10068345
10079065
10098048
10001765
10067832
10053497
10057250
10080710
10067989
10023758
10005718
10017794
10007710
10087737
10002736
10059049
10099394
10062502
10035600
10045212
10052524
10062565
10090723
10012160
10002844
10031929
10086038
10089659
10070506
10090515
10038377
10055203
10085932
10036425
10056969
10053765
10006275
10014219
10034475
10074264
10037977
10056545
10008410
10062039
10044282
10011147
10037440
10060028
10090001
10073040
10005241
10058877
10051957
10095964
10071037
10054802
10044246
10057075
10060813
10031104
10063942
10099191
10086308
10049875
10051968
10059629
10019992
10058243
10090200
10070819
10048859
10044529
10027364
10057270
10006568
10071646
10068417
10060360
10048026
10058418
10033401
10053267
10017295
10001710
10065584
10088332
10072864
10009830
10061759
10033678
10040934
10042054
10049221
10043594
10008281
10001189
10019575
10028273
10075785
10009775
10099092
10024644
10054304
10026456
10098266
10077224
10014454
10066683
10037585
10062480
10041453
10087338
10032100
10075100
10005400
10097684
10079784
10078265
10007514
10057896
10028295
10064800
10016302
10077516
10024747
10024583
10078705
10044322
10069208
10054490
10070450
10068300
10095487
10024754
10011108
10093753
10018331
10041914
10076789
10055916
10020746
10034594
10059606
10052846
10026047
10065006
10050530
10005831
10043271
10074396
10080079
10071566
10055549
10096381
10065434
10096648
10020964
10060492
10040970
10090172
10031334
10011420
10074824
10026821
10052527
10002284
10036927
10070858
10044198
10013716
10043126
10064945
10064662
10002732
10034143
10090709
10067738
10001026
10096541
10027362
10075422
10076620
10015280
10047323
10073002
10080715
10043971
10010318
10041207
10001294
10000491
10072541
10029066
10091667
10015715
10081593
10093952
10052642
10068803
10038150
10082710
10011929
10019447
10047372
10031013
10069943
10038082
10098752
10070969
10050975
10042466
10062743
10043947
10074098
10010067
10016949
10054813
10070390
10043620
10012372
10071684
10044111
10001266
10017103
10052130
10033333
10098696
10046082
10085975
10083852
10000585
10085037
10012133
10036384
10032409
10043147
10006327
10086843
10058251
10093648
10037818
10000717
10056392
10081766
10091167
10082811
10015067
10062333
10053201
10058687
10074705
10041238
10019150
10092323
10058341
10071281
10025656
10073389
10033715
10027983
10073593
10034300
10013020
10085727
10070685
10061782
10028874
10093364
10048625
10003477
10087013
10086444
10020546
10059757
10084562
10011713
10042568
10099629
10074046
10012121
10074669
10065104
10069711
10093819
10057427
10044404
10081452
10099436
10034146
10015168
10043771
10007739
10065820
10073144
10009818
10052857
10034926
10055044
10046222
10083551
10058521
10049587
10086347
10079067
10025696
10087261
10090781
10084616
10003243
10064827
10013089
10077912
10046283
10082801
10088083
10003711
10043557
10069536
10019499
10094055
10001056
10079622
10018147
10066876
10052766
10027965
10019734
10087692
10083010
10082308
10087596
10041531
10031895
10090295
10020599
10057591
10093909
10027732
10058559
10097152
10008911
10071648
10091416
10055195
10070801
10079499
10058906
10014359
10065387
10094757
10008414
10066443
10074379
10026561
10033320
10043498
10070879
10069406
10031190
10053889
10051714
10035138
10011772
10099961
10041786
10048723
10073904
10035695
10076455
10032463
10049199
10085367
10004111
10040615
10040562
10074913
10020114
10015820
10005624
10085502
10026929
10030390
10068297
10017660
10073304
10001617
10061158
10044183
10087375
10008701
10014424
10039089
10043839
10026196
10039050
10001977
10074920
10029306
10037672
10067727
10061769
10086871
10053094
10065881
10043838
10010008
10057146
10063953
10025828
10079122
10065807
10069109
10009512
10034104
10086770
10082816
10052074
10047928
10043351
10039449
10056629
10057775
10094891
10016821
10000324
10050293
10018798
10091596
10079600
10072823
10059323
10041369
10076046
10028770
10023602
10019885
10055130
10097100
10000190
10080959
10076222
10082349
10066420
10085735
10016453
10053190
10084903
10084879
10017471
10044607
10024329
10074100
10002382
10035572
10007273
10019058
10085865
10042424
10027006
10065465
10015247
10002682
10023187
10007645
10031452
10046789
10043882
10086582
10043890
10060424
10083893
10020112
10042773
10050314
10022199
10059227
10019856
10023455
10060458
10037327
10068062
10001139
10027780
10086796
10036711
10035053
10005855
10022577
10077477
10032861
10004394
10009076
10035543
10027581
10033074
10083347
10090723
10093308
10086282
10034613
10053733
10070175
10071077
10096506
10036841
10009629
10072085
10073050
10033084
10032544
10010377
10001146
10033683
10038157
10087942
10086747
10089563
10010149
10025676
10067040
10059363
10030070
10092469
10011258
10074004
10041895
10094606
10064727
10035203
10080888
10099340
10088936
10067415
10086769
10085443
10020609
10096398
10073880
10093659
10029482
10022776
10020388
10046980
10072812
10074898
10034923
10059559
10064461
10061424
10085235
10047853
10020787
10031657
10040322
10032046
10005661
10098569
10043004
10070388
10033773
10040244
10086080
10022709
10024011
10089202
10024504
10044620
10085600
10014737
10054631
10031435
10037513
10091372
10078415
10010325
10066270
10029690
10069884
10030731
10091115
10071471
10078584
10028254
10003129
10035259
10060300
10025142
10033828
10003304
10095531
10083953
10043548
10097963
10006663
10067560
10087165
10047519
10028532
10089118
10062256
10099516
10020553
10099770
10090888
10015320
10026447
10057158
10045011
10096332
10004241
10052478
10084155
10082825
10080732
10087284
10034436
10057385
10012427
10084617
10060689
10024310
10068570
10020590
10038625
10075233
10004502
10025791
10039105
10049386
10031261
10017713
10048902
10051814
10033835
10056142
10083486
10060283
10029652
10028497
10072967
10033893
10097327
10057122
10033071
10078060
10044407
10083859
10035445
10073186
10068476
10012486
10013848
10037047
10049428
10052473
10028632
10053930
10094616
10067737
10003317
10025877
10085451
10068571
10094043
10019286
10041066
10077530
10095921
10087070
10022379
10068888
10020964
10019707
10026011
10070387
10014119
10086770
10054246
10065916
10059956
10022723
10094754
10090156
10059770
10044183
10042629
10004754
10014465
10053598
10072492
10034134
10079475
10074295
10002706
10073519
10009933
10060124
10067401
10005855
10047194
10089780
10074743
10084510
10009487
10000754
10054897
10039958
10087524
10025496
10022226
10063832
10048219
10016981
10053988
10024341
10061164
10012970
10029095
10075629
10066568
10017939
10009764
10062395
10092234
10028822
10052266
10018520
10088946
10019667
10024375
10052492
10009448
10099118
10037003
10035287
10016225
10008252
10091598
10003749
10033748
10013824
10083934
10081967
10030805
10037922
10022660
10008321
10050892
10068108
10083951
10033812
10086047
10010067
10096208
10094634
10038889
10048474
10013154
10044187
10068142
10037529
10013031
10093942
10052999
10050034
10045581
10069224
10058287
10037179
10089326
10008387
10051004
10089612
10006707
10098161
10027534
10029367
10006483
10094779
10097475
10006786
10028591
10083523
10016853
10024799
10094509
10072094
10073274
10007663
10032633
10057768
10061544
10045664
10051710
10014543
10012051
10097291
10000120
10086690
10050823
10005798
10095077
10001827
10095410
10001784
10016340
10039296
10031152
10022823
10034075
10044979
10029609
10079019
10044854
10046462
10020170
10039363
10034908
10009796
10063378
10067541
10067564
10024922
10013206
10035626
10055818
10025257
10049270
10072290
10011947
10000093
10078088
10023376
10018272
10089850
10025161
10034612
10045498
10072665
10073788
10095926
10033996
10003397
10074945
10078851
10066212
10095115
10018214
10017472
10004912
10081593
10085014
10088828
10022867
10014572
10040807
10078685
10039829
10090077
10050975
10068128
10006522
10045415
10091504
10041146
10051617
10033017
10092110
10097116
10022034
10065898
10093042
10056031
10085648
10084339
10034882
10068212
10095806
10069448
10085684
10017070
10067393
10070698
10005899
10090261
10085270
10063058
10068946
10041451
10053135
10036274
10025931
10076009
10098041
10033788
10033507
10049659
10066805
10025617
10063127
10088840
10007868
10072521
10044871
10093516
10056860
10096105
10078080
10052666
10065553
10063764
10086089
10049299
10050815
10008340
10039560
10052437
10071398
10024858
10010241
10040885
10077484
10036172
10033246
10075526
10086312
10066753
10025185
10069470
10092370
10088312
10058310
10000238
10060833
10019533
10010106
10034045
10031990
10088186
10003063
10013895
10068303
10089152
10063194
10035470
10013844
10002754
10087907
10085242
10043965
10014500
10026127
10021449
10067025
10059373
10096975
10053337
10026126
10038512
10022807
10034849
10043176
10097469
10035087
10020361
10033354
10061546
10054406
10065344
10049732
10073822
10079240
10034387
10062974
10042434
10069857
10076819
10061541
10074117
10078413
10005506
10088617
10020893
10026955
10055642
10096618
10023931
10025332
10039097
10062443
10064491
10073946
10021972
10061961
10025385
10042333
10095315
10086931
10096740
10077012
10053016
10086914
10072604
10087403
10066240
10015038
10057261
10059411
10092931
10047730
10037825
10098437
10036347
10058718
10025393
10008342
10071688
10065676
10033674
10010785
10044471
10098165
10084731
10066443
10076478
10026469
10008777
10088146
10029752
10021869
10081510
10082768
10008783
10054114
10086524
10075023
10085504
10060137
10034435
10078436
10007867
10088612
10076873
10044214
10063682
10018618
10068908
10035370
10084294
10018934
10046156
10045118
10033452
10047239
10011561
10009930
10090060
10036690
10014428
10019813
10074911
10095938
10018933
10000046
10050052
10005457
10091422
10035557
10065594
10042209
10013993
10089813
10030821
10007218
10034028
10010855
10025837
10019288
10046225
10026483
10038223
10008733
10071601
10071675
10072325
10099515
10097957
10062385
10036205
10012386
10098550
10011117
10008324
10017484
10011163
10074729
10039293
10018937
10026638
10021240
10061146
10056983
10011053
10091967
10064201
10061433
10002822
10006390
10080722
10065400
10032874
10018945
10090485
10004475
10006972
10062810
10003990
10004929
10041548
10056548
10017315
10040098
10084017
10041992
10073934
10011532
10016721
10013228
10030470
10043359
10050820
10091616
10016694
10061873
10099936
10080895
10023307
10019110
10087286
10020381
10084510
10036512
10055678
10074996
10040987
10062650
10054158
10061330
10067579
10095706
10034230
10001247
10052157
10018247
10043239
10026091
10029779
10076312
10055671
10060249
10036023
10006491
10068218
10052717
10084717
10068154
10033612
10024376
10087264
10037250
10044757
10088127
10073762
10016787
10079475
10031102
10079437
10033633
10008784
10063368
10045692
10043014
10064615
10097849
10061261
10007854
10040292
10007392
10000518
10012316
10067642
10036541
10035159
10052212
10089258
10019876
10020366
10039223
10044252
10023982
10076473
10005361
10012109
10066588
10022148
10007936
10014042
10017937
10041570
10022826
10081306
10087262
10082192
10062273
10001463
10059805
10086480
10041755
10067197
10086998
10054071
10051191
10023540
10089231
10003403
10029150
10025459
10040121
10068373
10086064
10064104
10061199
10007777
10092565
10027787
10029926
10000502
10058181
10064215
10058424
10081007
10061873
10045686
10079551
10024147
10047149
10039356
10010627
10005256
10006553
10097625
10059328
10074097
10037517
10064911
10077500
10066668
10090370
10017622
10051393
10076434
10098078
10012592
10084212
10090643
10056731
10030490
10007497
10014912
10011057
10065921
10012271
10072931
10027959
10091822
10097078
10091460
10047530
10007705
10096717
10070436
10021682
10072397
10044533
10075552
10037308
10038385
10042220
10044030
10056007
10009965
10020465
10070437
10022558
10021029
10061081
10095641
10067871
10084930
10010554
10078928
10050852
10039177
10051859
10078811
10047352
10048937
10086624
10094882
10072994
10083341
10081670
10011029
10055738
10026203
10086581
10009398
10064589
10045153
10053428
10036948
10055118
10090245
10007386
10094028
10011274
10084819
10089670
10095497
10069749
10016576
10074426
10036953
10072105
10042637
10032117
10019457
10091575
10018741
10030692
10080921
10002082
10012362
10091950
10074172
10054918
10094883
10083570
10035859
10040036
10053350
10089159
10011507
10043596
10012897
10005535
10071222
10097716
10011557
10066720
10083818
10028133
10057498
10020771
10000239
10000135
10069240
10036048
10008062
10087981
10066740
10005336
10006415
10095455
10097286
10080587
10066725
10008522
10080509
10002584
10048558
10033860
10091743
10076417
10093808
10004641
10081953
10081382
10018709
10009862
10064454
10018879
10054348
10021952
10056003
10070939
10038440
10025243
10006987
10062854
10029577
10090080
10068190
10035992
10001887
10081829
10032932
10068612
10090351
10013441
10071196
10055261
10063653
10079291
10031679
10057461
10000284
10029984
10055196
10035346
10039846
10019650
10054225
10094194
10041603
10026580
10065133
10096395
10051824
10088473
10059249
10081401
10078553
10027440
10017393
10080440
10009269
10050325
10065404
10099620
10080119
10036600
10054881
10060124
10032243
10086560
10033938
10048880
10032896
10089134
10084226
10072743
10008784
10054803
10083289
10050387
10081384
10064775
10063134
10033208
10053248
10022384
10030961
10048153
10049824
10064706
10044945
10059093
10031384
10010349
10075065
10027855
10063301
10046298
10087979
10095544
10049211
10021917
10044424
10082107
10011051
10045002
10054850
10019836
10099806
10054492
10086575
10081190
10019267
10049710
10014398
10072515
10072094
10061711
10020668
10038270
10026417
10065613
10013715
10074153
10092314
10088780
10002008
10055615
10035078
10089988
10051159
10000641
10011905
10011936
10082749
10039309
10056938
10053951
10075497
10056744
10008443
10062072
10037934
10027710
10028134
10068684
10016577
10016580
10046747
10037245
10054850
10073165
10019210
10084917
10063670
10011524
10073697
10065679
10083491
10025128
10055667
10034651
10025769
10083924
10062939
10024870
10023233
10019877
10078822
10098730
10092974
10087265
10077155
10047260
10031328
10021641
10015945
10047905
10038222
10062692
10001503
10009424
10052209
10037065
10094342
10015880
10064942
10084391
10097911
10048433
10009519
10069930
10099436
10051641
10053854
10062375
10076511
10093440
10098605
10055333
10092170
10091579
10058951
10085677
10055191
10090279
10007319
10071136
10038184
10061893
10050181
10039687
10071317
10018742
10093105
10082011
10050974
10058047
10066403
10048885
10006480
10075922
10018815
10005917
10043915
10089022
10068292
10020427
10082462
10083249
10092112
10090984
10074828
10051063
10076662
10046372
10041342
10000333
10017508
10095879
10062226
10084041
10051918
10049895
10019136
10045023
10031907
10070110
10003070
10098310
10035348
10009551
10090584
10070515
10031820
10050852
10059537
10000112
10071279
10041999
10083362
10079743
10049336
10074542
10030807
10042350
10037266
10088501
10042683
10071127
10084380
10021261
10055168
10036299
10071156
10090656
10097674
10019415
10077119
10000745
10034077
10012467
10026648
10041014
10082982
10058468
10091866
10058872
10074932
10079497
10017223
10074646
10059240
10066559
10065541
10090047
10008909
10002807
10094901
10067944
10073934
10079281
10089205
10045455
10031932
10076714
10036111
10045959
10096129
10013230
10046704
10046559
10042049
10089704
10087573
10025032
10048172
10079439
10000256
10039456
10058936
10017479
10014103
10018176
10000391
10079644
10024576
10025652
10098803
10019477
10093597
10072738
10015110
10099154
10018193
10063395
10075868
10054304
10025706
10088350
10083887
10072410
10034909
10025936
10078466
10022482
10067320
10042990
10001921
10067576
10082446
10077209
10001408
10012901
10095385
10001799
10008897
10036313
10027451
10007701
10072142
10037400
10080439
10087253
10036555
10014984
10067000
10028775
10069288
10092706
10017125
10069527
10081468
10068386
10095464
10076286
10007220
10062784
10019276
10025493
10046713
10018074
10002702
10048121
10030976
10014440
10066272
10039873
10050753
10093723
10047574
10022896
10031124
10044365
10026501
10084031
10059349
10009853
10012806
10044990
10018911
10046284
10014517
10000379
10014670
10009981
10076665
10038243
10089118
10012293
10063736
10035831
10030367
10066439
10000304
10061343
10097231
10066576
10017569
10064336
10076651
10081495
10003584
10024127
10025861
10046437
10008158
10085210
10056290
10037317
10046552
10075201
10083601
10061070
10091932
10014623
10087403
10084949
10052866
10076521
10097242
10016603
10028704
10043962
10099394
10029008
10005305
10012977
10095584
10039226
10077313
10072236
10020722
10080898
10012715
10062935
10027335
10020874
10064497
10083626
10058191
10011050
10075179
10058144
10072120
10067112
10072767
10075875
10068413
10025634
10068749
10065656
10058589
10097453
10009618
10074335
10042814
10031275
10087312
10038398
10086854
10080977
10026986
10007576
10061875
10039702
10070511
10005563
10076928
10035008
10005541
10051471
10046058
10080720
10009615
10034530
10064184
10082382
10026758
10032598
10024368
10095507
10014606
10099309
10009312
10040576
10089996
10052126
10088203
10077308
10006877
10075057
10074638
10050215
10082633
10036513
10006269
10069496
10042076
10083197
10004505
10063969
10034668
10066915
10044690
10060635
10017798
10025226
10043018
10044556
10074176
10083738
10056415
10005134
10099400
10065727
10045710
10089396
10017854
10033914
10083057
10041083
10008971
10057695
10091298
10007957
10094208
10097568
10077453
10052637
10097117
10098310
10016606
10048138
10081578
10077648
10008773
10015728
10019227
10068143
10060284
10093403
10051882
10033051
10098538
10051282
10015130
10060600
10040678
10049336
10010866
10040087
10090419
10019838
10097782
10081718
10044147
10008343
10079286
10021600
10077332
10092755
10036263
10010290
10040893
10017841
10087939
10049667
10033569
10023518
10017810
10010205
10016921
10086044
10059608
10031811
10037326
10074738
10008764
10094357
10024075
10019630
10034444
10014494
10055820
10048579
10012564
10099967
10056922
10008202
10037920
10034254
10000958
10074183
10044544
10041851
10008376
10048835
10091518
10058297
10072353
10009329
10068502
10005627
10095373
10044462
10053790
10049052
10019200
10062554
10059761
10043275
10098537
10010557
10074122
10054357
10059136
10086686
10054325
10032410
10094889
10092245
10066664
10095847
10082780
10027561
10054050
10091156
10092748
10045569
10049453
10065102
10071250
10034307
10087081
10082975
10078769
10057223
10048379
10014321
10036130
10008140
10073949
10034667
10035050
10048071
10089024
10094186
10051109
10059701
10026597
10062350
10068298
10009613
10074549
10051078
10053526
10028600
10058586
10046275
10074169
10024391
10027729
10061771
10075050
10031162
10044746
10070171
10088385
10093126
10084493
10024515
10017618
10074794
10075534
10052668
10022865
10064559
10063207
10090326
10040612
10006156
10052677
10008911
10032121
10027226
10076341
10085648
10072178
10051280
10031923
10046347
10092023
10076004
10024470
10067074
10007166
10069217
10053597
10095551
10078695
10038090
10036419
10096313
10029236
10011953
10065334
10052101
10092864
10028541
10058780
10033477
10051049
10027809
10058740
10083170
10055035
10051433
10068818
10043566
10002713
10017093
10006265
10011089
10093097
10030736
10078163
10000263
10016305
10031760
10012167
10095000
10086203
10064938
10007665
10015439
10076891
10072999
10083893
10069756
10017892
10059025
10019585
10068941
10086834
10078325
10052112
10058221
10046110
10020930
10001787
10065176
10038024
10008053
10076265
10047473
10038789
10070780
10064089
10055094
10018892
10076256
10050094
10005095
10041194
10074111
10036887
10034437
10047111
10037132
10004193
10065003
10096157
10040130
10033945
10099343
10034807
10002409
10057564
10080918
10023339
10059352
10046094
10077715
10067405
10038711
10041541
10022546
10009491
10005630
10093992
10028383
10098238
10060438
10049831
10055784
10034549
10003070
10090221
10081660
10040202
10010767
10063016
10052711
10050897
10013313
10052054
10085705
10015722
10025970
10082975
10055413
10085322
10045421
10049481
10069079
10084132
10091022
10007977
10093623
10013004
10001969
10022006
10011242
10062407
10088189
10067026
10096957
10091259
10057247
10094969
10031461
10084366
10074337
10000524
10035264
10004002
10068930
10037321
10036076
10094901
10036648
10007842
10096575
10082069
10057323
10082007
10066201
10064697
10006336
10076176
10094053
10008306
10014534
10005295
10087065
10002724
10088673
10000374
10093983
10045920
10095344
10041797
10046639
10086033
10042321
10081903
10090036
10027604
10035576
10042464
10022505
10072224
10050306
10035432
10054293
10007629
10017439
10036846
10088678
10023776
10013022
10082731
10048434
10027556
10004378
10035499
10046632
10093051
10052226
10040616
10055324
10063922
10082413
10001963
10049955
10041086
10000218
10056343
10068690
10035794
10098808
10091195
10008018
10049114
10042980
10078663
10073096
10076771
10031861
10078126
10016899
10044883
10060858
10065333
10088791
10081588
10017185
10035424
10074640
10069411
10092392
10029964
10033333
10074805
10048279
10099640
10015891
10048497
10055984
10000934
10000643
10054792
10008481
10008661
10020258
10051461
10003676
10009706
10028233
10035537
10087833
10045132
10096772
10065043
10026818
10001915
10046631
10044003
10037339
10021271
10013414
10029731
10067587
10063099
10020888
10032218
10062739
10053132
10080715
10018723
10054066
10081358
10089867
10062547
10006371
10026478
10014009
10026399
10036184
10058594
10078288
10024017
10003726
10075060
10005412
10030544
10076976
10052044
10090899
10030667
10089667
10020665
10076751
10073607
10083764
10013991
10005825
10046504
10067123
10002893
10081579
10037541
10000603
10087799
10000089
10023327
10030629
10030450
10049726
10066813
10005396
10028015
10007183
10025474
10019427
10012595
10072371
10012755
10064639
10063270
10043423
10054307
10083936
10036526
10044266
10084052
10050517
10050091
10046908
10033993
10069336
10028488
10071534
10069940
10032639
10087975
10093267
10063268
10034777
10059345
10046433
10040173
10003712
10053616
10065648
10023140
10066212
10038019
10035895
10047203
10017641
10095670
10017862
10001577
10048548
10062128
10085630
10015418
10028572
10032538
10049411
10097908
10077378
10037297
10067848
10026369
10025273
10077467
10089637
10076402
10036813
10036071
10016576
10040525
10006039
10098576
10080017
10088603
10052947
10032265
10035807
10070588
10044287
10070021
10088518
10092836
10048502
10090500
10008254
10077074
10039390
10074017
10074982
10033121
10011314
10059183
10059490
10052939
10036650
10065480
10029342
10089815
10017903
10062270
10046693
10023942
10077198
10026710
10028898
10030145
10075327
10064705
10017085
10019615
10051078
10021955
10028803
10099580
10028807
10037057
10076654
10068198
10027426
10067989
10017671
10038740
10027172
10093513
10091680
10080174
10058993
10037374
10086342
10093248
10099644
10033035
10033543
10076842
10076097
10062441
10023339
10051425
10043498
10056776
10087392
10094576
10078732
10016195
10094157
10007539
10069604
10087163
10092089
10097030
10071504
10026112
10052122
10098676
10019626
10043802
10095203
10078619
10097528
10081545
10071868
10097172
10030932
10005411
10074014
10007029
10067852
10013705
10058454
10027702
10070482
10062198
10022278
10065566
10078393
10032787
10073105
10047997
10019951
10081547
10061379
10007807
10007659
10013502
10022836
10027285
10073656
10018039
10022257
10071185
10015936
10010477
10068357
10046868
10032240
10058724
10053897
10000092
10072429
10028704
10027794
10059263
10090902
10066424
10024829
10085648
10099212
10014287
10033645
10035515
10095834
10095025
10043322
10019845
10008527
10066158
10063483
10082183
10000549
10085740
10069720
10016485
10012569
10038078
10063353
10044809
10013154
10033603
10061253
10085583
10078659
10005399
10044847
10069561
10071823
10086028
10055209
10087387
10000315
10005207
10022902
10012501
10016584
10082577
10032347
10041463
10048735
10012182
10039998
10065637
10014274
10009719
10082122
10026843
10064149
10061828
10071652
10077303
10011783
10032905
10079238
10090442
10038304
10040437
10076355
10026479
10026466
10047917
10013867
10026781
10069476
10036769
10039283
10086060
10035698
10087982
10043875
10000786
10016516
10083873
10066423
10030790
10009944
10064897
10073985
10074093
10043077
10045637
10051396
10054860
10094894
10030635
10045302
10033198
10071072
10038010
10076029
10097538
10085927
10089896
10040672
10055403
10043018
10096307
10057815
10078716
10000641
10001690
10079502
10017157
10001915
10045925
10064299
10011860
10010823
10038284
10002305
10053900
10083921
10070054
10025113
10095167
10000689
10086767
10028365
10088113
10024777
10020746
10002004
10010704
10010643
10059028
10082459
10053661
10055335
10040274
10032377
10055976
10058316
10011880
10089485
10076584
10074157
10053784
10004796
10001332
10092068
10007101
10055233
10092341
10077155
10096698
10087508
10094196
10083465
10032225
10098662
10008243
10052971
10000666
10035299
10063614
10059694
10034111
10017275
10031381
10090737
10066005
10003709
10049054
10094237
10093194
10025638
10068394
10063330
10030434
10069727
10055398
10053887
10041312
10064091
10031043
10038010
10051599
10041591
10021475
10083824
10040253
10046070
10053147
10040919
10081370
10016762
10016965
10015481
10050389
10048346
10022570
10032746
10068407
10071624
10026983
10061601
10013614
10095378
10024931
10060400
10065105
10096681
10030640
10006417
10060772
10061683
10044427
10012371
10019626
10082254
10012547
10059880
10028325
10065695
10017151
10009695
10098809
10050469
10041528
10065550
10098815
10064098
10098297
10083575
10052075
10025280
10045176
10082041
10020658
10086460
10058794
10002115
10083141
10089434
10024884
10060266
10067469
10069311
10088989
10087095
10067918
10001537
10063327
10096243
10083584
10080479
10022290
10098745
10030948
10080170
10064295
10046115
10044268
10078944
10029690
10012695
10004225
10091219
10011089
10041235
10077679
10069883
10059703
10077172
10059317
10084587
10037438
10026786
10070251
10026428
10030233
10038169
10044317
10093561
10034412
10044253
10074040
10073054
10059350
10021340
10053224
10039997
10067455
10013844
10018942
10097146
10026540
10039519
10004717
10037629
10080754
10082396
10023864
10040457
10059568
10083181
10025045
10013359
10026319
10011648
10056139
10056552
10049817
10000456
10050113
10000581
10061061
10024153
10073635
10020411
10045493
10026859
10060408
10029301
10040703
10079350
10042799
10083595
10035221
10047516
10037576
10015976
10029912
10061440
10072785
10005832
10060973
10014182
10035543
10087292
10025830
10091682
10043845
10091999
10008490
10093958
10092580
10069551
10034464
10066215
10006314
10096309
10009426
10083075
10025610
10050130
10078777
10068409
10050077
10013999
10032277
10004006
10046327
10078541
10081798
10019112
10000726
10042772
10049647
10036269
10030064
10091829
10027952
10073909
10083829
10036442
10084220
10092761
10022346
10018684
10058977
10045012
10014993
10068403
10028087
10056956
10034885
10006865
10041717
10001315
10020864
10073995
10005321
10067191
10052536
10087119
10002655
10053262
10046243
10068654
10005884
10076308
10060484
10033836
10066569
10060665
10086630
10050789
10053426
10025328
10069473
10028755
10070341
10000819
10097159
10098428
10057775
10048396
10005293
10015844
10049711
10042509
10089839
10071384
10026052
10058728
10074856
10045060
10028342
10021099
10013714
10034226
10013759
10090550
10084414
10080329
10067567
10071045
10031118
10020994
10096373
10016944
10066101
10083066
10017763
10079612
10081495
10091890
10028009
10003140
10024086
10094072
10045650
10013926
10081809
10088054
10089006
10056665
10033114
10033700
10094116
10046829
10067927
10007876
10053731
10052341
10088205
10021299
10039738
10035675
10058645
10052464
10052619
10024746
10035530
10086734
10004359
10017025
10094976
10048720
10036518
10019063
10042792
10098520
10049341
10040953
10086574
10038347
10013970
10036041
10072047
10008087
10082870
10056326
10032315
10052953
10025020
10036872
10090604
10064758
10072547
10049249
10017222
10041519
10090348
10069105
10028253
10011059
10086130
10039582
10059779
10039000
10058645
10018923
10037520
10024338
10059877
10040447
10062685
10073847
10076488
10051084
10098286
10075710
10023763
10030601
10028663
10048783
10067473
10019268
10013541
10040021
10084869
10047116
10097892
10075217
10016221
10042497
10086276
10018703
10082079
10062407
10057704
10057076
10097683
10011576
10081414
10073912
10052023
10044099
10047759
10044863
10011536
10062398
10020573
10035299
10092999
10065589
10084082
10076825
10084857
10013975
10033198
10086078
10077443
10031090
10061296
10010016
10073587
10063924
10028720
10055667
10042684
10002776
10012743
10040367
10030704
10094158
10014279
10099080
10054609
10078390
10043943
10082497
10040788
10080869
10017796
10050140
10046458
10018230
10026965
10047667
10048558
10060163
10033745
10042353
10091253
10011393
10052370
10081192
10075318
10097442
10036859
10018002
10016570
10065955
10074721
10047274
10076465
10089000
10062706
10047426
10067390
10006650
10029924
10024531
10087519
10064072
10074671
10050329
10098655
10001636
10097996
10047213
10061799
10031741
10089566
10069404
10043135
10058288
10050596
10034805
10055730
10003808
10052807
10072300
10086115
10043880
10035927
10062580
10032880
10098633
10026358
10016622
10021635
10056282
10057505
10009154
10020355
10032176
10059483
10019010
10050164
10057479
10082575
10011963
10005573
10088493
10097719
10048708
10046782
10064668
10083513
10018864
10084828
10052672
10091165
10070943
10096552
10043444
10049875
10045784
10042077
10076233
10078758
10063713
10048868
10036264
10089219
10085575
10084792
10065055
10004585
10034957
10038886
10003512
10063272
10044459
10092005
10060992
10009519
10055139
10042012
10093032
10074004
10026840
10062056
10081521
10014135
10074960
10041317
10080362
10037096
10083394
10072947
10015855
10063459
10021815
10068471
10069031
10007390
10053263
10034086
10028327
10088220
10072972
10048191
10051493
10033784
10056549
10028837
10043303
10011688
10070849
10052688
10002044
10014041
10031096
10099917
10028176
10006057
10041234
10024890
10059505
10024629
10097837
10075360
10004440
10036005
10060183
10073471
10059747
10013447
10007557
10088075
10018019
10096882
10052618
10069512
10047018
10009167
10014701
10090321
10020856
10085550
10059361
10039252
10099591
10090458
10039170
10044119
10012867
10080404
10069009
10072372
10021385
10083199
10064085
10025826
10019204
10024268
10015649
10078951
10054067
10023207
10083378
10072087
10036441
10035997
10057951
10083459
10045164
10072653
10090132
10082372
10058203
10049494
10021625
10074147
10056304
10077147
10034618
10069171
10057551
10019980
10057895
10078937
10003179
10021980
10021115
10038735
10062601
10036764
10034038
10016668
10076323
10017417
10005107
10012764
10069766
10063059
10012575
10031282
10052064
10002708
10013655
10026619
10068554
10051632
10017118
10024858
10028779
10051737
10010381
10002682
10071717
10068276
10081619
10091248
10006609
10019086
10029983
10085562
10055851
10064021
10018582
10048526
10097790
10023690
10061291
10067556
10003101
10090218
10098839
10055165
10009278
10028846
10081784
10077832
10096830
10098903
10019042
10025609
10066992
10029423
10028291
10055061
10014052
10026263
10046309
10037013
10061701
10092644
10022575
10017552
10056665
10041157
10066079
10054456
10081199
10043722
10038364
10084300
10050292
10053555
10055817
10059571
10098753
10053954
10037403
10095583
10052857
10056446
10037544
10036201
10002221
10082188
10091262
10016273
10024803
10037571
10053286
10086504
10030215
10092213
10004057
10003232
10033371
10086488
10074040
10014570
10046562
10012405
10015223
10096854
10082312
10087392
10072777
10081066
10041346
10010181
10093001
10010555
10082979
10030546
10046756
10085200
10012734
10038018
10001474
10037537
10091941
10071112
10024041
10038508
10063326
10044450
10041741
10013049
10047290
10015781
10043971
10010204
10044538
10059194
10023411
10043203
10062939
10096188
10024269
10004285
10022721
10033622
10014841
10005700
10064168
10077949
10007253
10093254
10032320
10008727
10030791
10024261
10096191
10071185
10062770
10059517
10031987
10020863
10072566
10079278
10052996
10032890
10005834
10013887
10092084
10029245
10057090
10071375
10041786
10097711
10075661
10064507
10031333
10006854
10086560
10095502
10084803
10093813
10005108
10017123
10018892
10035900
10057737
10015083
10023437
10036859
10090953
10055424
10057722
10079871
10051054
10010718
10012761
10056889
10024605
10021198
10002486
10098047
10092573
10044272
10095758
10084586
10008780
10027092
10091440
10095340
10038946
10076244
10005505
10044054
10009719
10024397
10096306
10067456
10039480
10019743
10004315
10046785
10091520
10078389
10043009
10042574
10005460
10055770
10015815
10030065
10093320
10018302
10028113
10085894
10078926
10040223
10070480
10087706
10083667
10078273
10099398
10022613
10054517
10004903
10083020
10080588
10045652
10095678
10048045
10001485
10031774
10068712
10048270
10039646
10063454
10091279
10082220
10068914
10063402
10014388
10015331
10056722
10049042
10043444
10058968
10027968
10000020
10045801
10032027
10083687
10024074
10031425
10022653
10078591
10052681
10022025
10059179
10098333
10017703
10023576
10099818
10065829
10008641
10064441
10005475
10072095
10055720
10004048
10057361
10019122
10018436
10072692
10092197
10083830
10032489
10051165
10011798
10032509
10096966
10043825
10016196
10021040
10091603
10055201
10015983
10060636
10077226
10091515
10058969
10011282
10031443
10075140
10077111
10040084
10039581
10098939
10028531
10011653
10002987
10085892
10047128
10037775
10058585
10039325
10021605
10007426
10006842
10049755
10039935
10020161
10009933
10072483
10041201
10001536
10027685
10073537
10062172
10021263
10065052
10037493
10032545
10096495
10028985
10026009
10052932
10084918
10024948
10081463
10096572
10044287
10083708
10060052
10082062
10058645
10015729
10020019
10066071
10022571
10086126
10022358
10042732
10096059
10094841
10000286
10097595
10038878
10073823
10076119
10060142
10038875
10029965
10009039
10035370
10058950
10035048
10088302
10043869
10059996
10086118
10056793
10004283
10086178
10016845
10002697
10044823
10032574
10039068
10027246
10055145
10025195
10049604
10014230
10037606
10060797
10014516
10035202
10099676
10088339
10027673
10076170
10027214
10057638
10085209
10078936
10032941
10020258
10083591
10093162
10096606
10086061
10049955
10017242
10072239
10066800
10019939
10033414
10015726
10075360
10060660
10087223
10000555
10026616
10001453
10038161
10087413
10032321
10089715
10003441
10020660
10033741
10079611
10064226
10007731
10081173
10059515
10057024
10001431
10043106
10050186
10014389
10045519
10000141
10031631
10034110
10083293
10067923
10067524
10015371
10043283
10044536
10002595
10060190
10087504
10020400
10014703
10091269
10052722
10020771
10094711
10089734
10054512
10090674
10070313
10078595
10088199
10029828
10035620
10089630
10089286
10085806
10020372
10034805
10002300
10052003
10085267
10001945
10019926
10052791
10017317
10063209
10013679
10036264
10023399
10001183
10073016
10054455
10008804
10042090
10075226
10003515
10031825
10046090
10010542
10002138
10024685
10098741
10048318
10060305
10004724
10037604
10062464
10025096
10088761
10081116
10077099
10074028
10083061
10097026
10043171
10016730
10076587
10073202
10069346
10016339
10090737
10042363
10070794
10099541
10084453
10046020
10019409
10032630
10092110
10029951
10051120
10016795
10045044
10099438
10093453
10049768
10053394
10072269
10091216
10058507
10053385
10068316
10048887
10052798
10081694
10008410
10069529
10074633
10097964
10055227
10090972
10088701
10013942
10078118
10088243
10014748
10024138
10024004
10047378
10032600
10070307
10014851
10065748
10015351
10030641
10075553
10081472
10084036
10047822
10072688
10058895
10001207
10057356
10024135
10070357
10055402
10032545
10039886
10030036
10030510
10011466
10037360
10035563
10025408
10015479
10040158
10040156
10055969
10064162
10087535
10088570
10034469
10018738
10070670
10066173
10049379
10046223
10047645
10049767
10094045
10036685
10008663
10011604
10094042
10049150
10081961
10049444
10098047
10038200
10095832
10044909
10049666
10049545
10080473
10091426
10065024
10020631
10031583
10037345
10001146
10035470
10025915
10051967
10054208
10012937
10018140
10003587
10059160
10082137
10069707
10069557
10018823
10094722
10097513
10012865
10043872
10079475
10078661
10041919
10034027
10090846
10086829
10000045
10040391
10083654
10091471
10005415
10020637
10039406
10042760
10021783
10074876
10085028
10090103
10045436
10097965
10008243
10065376
10073478
10006733
10035083
10059387
10025556
10029805
10056901
10038421
10090029
10052728
10033434
10031948
10086755
10024280
10035129
10003152
10064671
10018783
10010975
10086438
10039421
10050382
10029199
10061204
10041610
10030579
10051307
10087047
10044896
10075903
10068775
10034726
10082636
10020210
10094114
10024544
10066367
10051015
10079317
10056396
10003743
10012751
10088344
10006850
10037032
10039826
10010002
10018055
10058609
10020977
10004494
10098030
10087711
10050045
10075587
10029322
10096976
10043246
10032721
10041872
10035501
10001496
10076599
10018137
10038058
10070713
10042681
10004425
10038080
10021998
10060821
10041823
10051102
10065517
10065025
10004486
10005343
10091379
10022541
10063953
10028708
10043387
10061983
10016420
10093432
10053922
10062094
10090408
10097169
10094815
10048633
10032670
10012663
10041584
10067160
10050721
10028649
10026193
10055146
10066729
10064544
10015967
10024904
10015646
10097836
10089929
10020132
10003180
10081308
10059025
10067133
10010016
10002413
10045468
10042788
10012197
10099391
10004882
10018958
10012912
10016049
10083943
10045582
10028712
10025527
10012742
10095785
10054176
10055288
10067283
10037257
10019832
10099602
10062161
10051830
10097439
10052090
10088314
10000619
10049750
10047339
10084104
10059766
10066104
10045924
10018907
10078302
10061667
10023789
10013612
10074579
10039839
10097555
10036514
10084903
10039434
10065608
10097041
10009962
10020896
10064324
10047219
10040728
10063927
10009380
10092558
10077718
10061470
10097224
10094689
10011220
10044564
10095145
10087338
10027020
10041069
10006245
10021674
10019089
10046387
10035286
10093668
10002578
10049193
10046534
10003833
10088627
10012143
10000874
10098589
10033039
10081551
10045808
10090120
10061830
10055188
10099030
10039548
10033010
10096255
10034237
10060582
10057171
10029382
10064273
10084191
10086803
10070518
10005866
10005892
10033257
10041152
10015913
10035835
10006698
10062447
10039669
10095325
10074590
10040543
10010267
10023982
10038446
10056075
10030454
10000276
10027616
10029484
10039824
10076978
10025739
10090413
10053913
10099262
10019795
10018186
10083454
10022951
10005056
10089320
10045195
10038314
10046824
10061108
10090501
10053522
10039908
10030170
10065200
10030850
10087066
10075467
10054832
10025512
10047894
10085286
10025789
10091862
10031123
10081965
10068841
10073214
10072379
10039106
10072477
10008526
10057292
10055931
10031477
10062348
10061603
10076673
10017014
10008427
10054133
10007516
10078302
10094041
10054038
10043502
10024892
10057456
10018969
10096076
10099321
10083215
10081363
10025110
10075078
10028838
10023427
10060271
10002052
10095806
10099377
10074529
10020685
10056669
10046812
10052162
10035369
10008415
10045187
10052384
10033195
10015673
10076252
10011497
10009714
10046642
10054999
10050958
10004099
10090320
10047035
10003420
10073535
10044750
10044882
10048613
10073588
10068309
10008884
10075640
10080468
10008261
10066522
10001153
10081282
10013334
10069667
10016652
10021750
10031207
10085388
10054945
10046880
10077992
10082794
10072946
10024634
10037793
10040257
10028733
10044465
10087292
10032153
10018000
10048394
10093387
10082966
10038334
10061697
10008202
10030326
10058517
10032816
10096848
10059670
10014098
10010183
10045689
10047102
10048285
10076896
10032490
10019582
10040128
10010482
10018728
10029427
10051469
10072873
10069684
10080202
10017338
10073328
10028708
10051690
10021722
10022095
10034656
10060056
10000144
10042859
10090382
10058661
10075675
10003583
10034683
10006125
10030118
10096725
10053228
10094755
10089973
10002070
10030689
10030102
10028905
10049417
10059529
10080374
10022290
10045565
10060576
10039628
10018893
10005636
10091318
10040615
10027732
10042327
10017023
10044228
10085186
10023757
10019242
10077213
10027340
10053925
10083338
10073810
10067002
10052918
10068565
10056976
10054989
10099254
10087078
10083894
10048671
10062959
10080620
10087313
10008524
10041196
10026941
10043769
10063185
10034612
10084384
10007269
10076939
10017759
10051497
10078477
10057868
10070739
10072042
10001561
10041017
10055380
10075371
10008019
10008299
10060289
10081347
10079640
10059543
10068425
10063534
10024567
10047736
10044154
10011880
10072612
10001702
10055174
10016381
10064887
10006138
10017117
10088508
10083077
10051228
10040006
10077906
10009097
10027097
10049948
10010658
10084466
10021680
10086029
10092486
10046331
10046318
10090185
10025971
10022214
10074963
10005857
10063133
10022699
10050011
10075013
10011664
10068066
10046539
10044397
10049305
10052677
10061515
10037814
10052106
10012743
10094172
10046364
10021840
10021269
10096312
10048850
10005736
10034345
10034880
10014574
10080676
10097550
10004759
10006648
10019764
10079722
10012505
10082897
10018774
10078869
10074263
10030438
10063287
10037154
10091187
10012592
10089832
10052702
10066758
10058290
10081798
10060930
10004655
10019990
10082200
10000967
10068841
10004288
10035312
10020073
10018862
10032341
10017623
10039973
10055341
10053740
10036048
10084198
10052989
10054822
10063067
10043604
10001612
10026354
10080759
10092799
10055299
10070591
10061854
10022057
10028881
10060004
10082988
10033536
10079994
10081540
10050856
10065187
10085828
10002520
10085260
10021042
10034861
10019236
10061015
10006554
10089328
10097063
10090753
10042317
10068237
10053820
10085922
10086201
10096527
10066681
10079001
10068178
10053624
10057207
10090235
10098857
10017211
10089575
10048746
10097205
10071115
10099602
10078745
10073295
10018474
10064005
10094337
10069688
10099593
10055353
10076242
10088921
10068768
10066995
10031239
10037006
10037168
10033513
10023207
10050047
10016546
10018560
10034577
10086522
10075767
10024812
10085379
10009330
10030740
10034125
10006536
10018207
10050079
10001633
10091503
10084906
10065638
10085840
10054594
10065232
10057545
10030836
10070505
10026314
10014184
10001744
10079672
10067704
10051609
10019231
10034103
10068155
10037792
10068680
10071029
10029911
10009844
10056409
10039242
10040584
10006886
10062130
10075144
10073318
10063763
10066647
10058224
10045753
10068839
10012818
10010985
10026385
10060006
10081491
10069051
10090542
10099587
10048723
10058246
10067549
10067954
10008701
10052056
10005746
10077381
10023086
10052010
10087226
10095847
10091252
10044162
10002733
10053382
10019306
10092403
10033497
10002305
10050627
10079250
10071145
10063445
10006588
10097530
10039804
10004431
10066581
10030346
10020370
10031656
10004945
10087919
10099610
10013646
10039976
10021709
10091028
10063062
10073719
10094606
10058909
10081323
10055120
10077994
10051057
10074427
10070398
10084554
10076732
10021025
10080156
10064229
10000823
10086744
10061759
10056979
10007527
10044692
10087325
10027898
10092700
10008622
10015817
10092311
10038621
10055793
10030372
10046001
10035207
10020443
10040607
10010468
10018118
10095727
10004815
10069175
10086506
10075213
10070081
10079591
10012590
10066589
10043820
10029765
10069686
10021932
10086744
10077213
10082976
10090422
10005111
10075677
10015396
10020929
10084340
10054017
10093074
10014712
10000018
10044634
10051507
10056977
10055102
10069625
10052705
10076269
10055152
10055563
10051482
10041585
10035154
10080425
10008174
10095327
10026542
10077860
10017259
10029639
10055074
10016587
10020061
10076537
10092264
10035457
10013818
10076604
10005827
10023245
10007668
10005845
10067879
10075527
10062823
10039333
10045152
10031880
10015603
10016656
10087443
10083437
10058241
10038950
10080214
10082768
10050629
10006757
10076980
10067888
10036396
10048406
10084475
10072809
10024944
10093092
10024618
10055114
10069696
10030445
10078359
10093717
10052643
10062590
10069244
10031818
10018276
10030749
10063698
10033879
10047405
10067493
10033668
10021999
10022795
10030235
10021119
10073424
10053344
10098099
10057664
10006092
10046506
10058492
10078901
10087802
10051584
10019871
10042916
10037632
10066669
10021276
10031349
10019312
10083866
10016946
10051130
10002142
10064047
10031180
10052373
10011452
10015025
10002394
10049803
10037821
10048981
10070922
10011245
10002325
10085374
10085262
10024769
10031880
10043754
10020022
10019682
10095338
10039893
10062598
10049322
10006562
10000226
10097024
10042226
10000445
10013970
10009708
10018939
10078017
10040888
10071313
10005821
10055914
10090059
10071977
10010087
10039040
10059251
10037684
10057717
10044625
10022946
10082486
10092857
10066700
10002508
10028891
10078390
10058753
10091490
10027713
10065316
10008068
10024737
10023894
10008513
10055059
10033603
10027453
10049428
10090843
10015118
10071601
10046757
10021529
10043578
10056844
10060569
10019182
10010881
10034638
10063807
10033827
10033476
10073017
10000528
10035984
10001908
10095270
10094737
10009750
10022983
10076405
10017819
10064072
10000300
10042684
10035483
10050255
10070137
10084911
10041098
10001607
10056513
10004208
10023136
10016443
10077404
10000057
10035625
10088285
10034695
10015785
10022113
10068171
10005154
10038993
10020507
10007062
10034263
10015245
10033165
10057247
10008002
10050984
10037671
10024654
10010020
10073155
10074909
10096510
10074418
10016008
10098117
10047283
10020216
10021254
10080079
10097620
10037663
10015704
10085906
10072359
10047841
10024371
10056882
10069347
10063364
10077390
10076410
10097627
10008987
10009575
10071226
10033341
10076911
10025250
10057996
10003283
10098405
10032905
10099793
10089175
10065265
10097911
10036459
10001833
10035517
10016538
10015806
10073180
10048594
10018064
10061891
10012788
10042435
10018774
10082135
10005799
10012516
10058545
10019778
10037855
10084472
10091005
10071196
10077735
10016255
10029192
10081019
10031012
10078450
10097164
10020187
10060067
10095075
10072998
10061901
10046944
10089536
10094059
10036477
10054483
10012123
10098368
10067271
10070910
10033494
10049406
10076709
10046010
10024304
10012839
10083865
10025128
10020196
10071414
10019216
10052803
10000606
10016587
10083815
10079056
10013751
10020355
10039124
10025179
10093353
10017377
10072123
10099242
10011436
10008600
10070077
10023559
10023321
10037348
10094469
10056815
10003106
10087530
10019178
10043762
10016721
10019395
10085243
10036918
10090809
10004459
10089721
10007768
10037398
10089889
10086824
10051149
10010244
10042300
10076328
10019949
10076029
10064804
10035543
10087465
10089756
10005620
10027376
10013077
10059320
10038197
10086245
10078779
10042079
10005423
10038893
10058801
10041170
10040488
10012071
10031980
10061299
10018144
10039748
10098697
10008033
10042924
10049847
10034629
10001577
10042527
10070931
10077606
10007331
10006474
10081424
10097088
10028447
10008800
10026517
10004119
10063350
10012762
10099250
10005429
10034537
10054496
10080582
10075708
10094984
10009005
10024040
10056284
10027150
10080140
10054981
10035183
10023064
10021180
10086165
10024641
10063708
10057096
10018600
10087391
10079922
10000024
10000831
10008369
10008824
10043701
10028841
10088526
10056463
10044443
10093956
10007353
10098939
10090890
10083061
10093924
10099896
10007101
10050208
10027046
10087241
10021541
10078581
10026657
10042722
10064746
10067651
10022782
10021842
10086251
10010173
10001765
10086275
10027357
10026486
10011451
10071058
10071679
10099978
10027521
10016123
10010286
10034874
10015062
10017528
10034287
10008986
10017424
10057740
10075546
10060822
10061333
10097088
10055756
10087991
10039810
10020502
10055642
10062592
10058697
10058245
10089117
10076814
10060872
10016474
10019652
10088675
10087532
10091332
10005005
10031406
10007455
10015291
10082632
10022517
10032820
10033272
10047856
10066596
10091012
10023402
10043771
10052346
10020490
10099527
10056689
10076652
10020029
10028683
10039244
10095078
10086928
10044714
10071892
10047800
10061188
10007897
10036475
10065073
10099229
10041481
10096479
10006684
10073124
10095463
10045553
10022296
10028735
10093409
10005245
10036100
10033164
10049016
10088446
10070006
10048543
10061487
10046659
10084924
10090170
10002255
10096355
10077098
10046969
10084599
10041250
10008158
10092496
10094077
10089583
10091725
10051910
10086062
10014761
10025035
10097877
10076667
10063683
10042965
10070076
10068928
10079065
10019592
10034296
10083863
10089599
10082839
10045350
10052610
10084116
10035520
10054865
10080471
10012618
10001835
10065070
10070220
10026345
10057567
10064297
10015928
10065644
10016208
10018342
10096758
10057595
10032571
10073425
10037630
10075536
10059853
10022911
10054601
10079446
10057207
10038464
10069045
10056399
10083814
10038007
10040515
10019334
10092872
10037338
10048304
10011059
10002408
10018524
10037404
10076327
10099174
10069684
10058324
10031734
10088026
10055082
10005681
10036950
10028507
10043311
10012486
10088360
10066222
10067088
10084158
10039782
10021904
10069555
10096181
10005719
10007562
10036696
10041405
10000435
10074034
10006062
10011494
10092794
10040938
10065251
10085474
10040112
10034935
10060150
10088198
10039314
10015232
10010231
10076264
10060091
10053543
10005102
10064803
10036117
10072190
10048962
10075899
10094095
10018517
10088432
10016166
10026080
10025128
10073923
10042867
10015514
10079985
10054361
10024661
10020924
10035964
10026487
10077388
10070900
10086637
10065587
10026566
10018221
10075818
10019182
10094664
10045713
10024284
10059467
10098183
10012827
10024781
10090434
10023274
10043299
10078867
10039440
10085731
10020347
10029715
10028598
10052214
10009701
10099311
10093227
10030625
10035276
10019714
10024365
10022528
10022703
10089952
10065446
10057276
10082123
10084628
10051940
10044188
10008912
10027759
10042371
10021739
10052541
10049158
10045013
10012192
10028025
10000805
10097923
10064724
10030521
10042873
10016938
10056574
10042184
10026517
10003551
10093812
10062583
10027916
10016340
10085286
10034221
10081786
10058914
10016344
10082766
10027206
10060532
10008031
10054966
10019256
10029770
10023859
10068414
10091136
10052403
10012791
10008293
10050326
10077515
10055166
10009551
10010806
10011740
10051735
10037323
10015291
10061900
10016259
10043208
10078240
10001545
10093781
10076379
10076812
10010125
10059145
10004018
10087009
10067176
10075336
10022617
10013299
10099195
10007383
10020787
10051598
10020174
10045432
10018276
10014042
10000599
10027827
10041200
10028691
10095915
10094875
10060335
10057815
10011134
10019895
10052407
10029032
10013676
10045138
10005844
10040153
10020636
10009862
10027162
10004164
10085199
10066132
10017463
10000746
10073515
10054602
10052345
10093690
10000035
10086973
10024084
10016986
10014801
10081636
10062029
10027068
10076511
10022364
10001235
10087646
10058611
10069994
10016678
10072287
10015133
10038874
10012440
10035769
10048736
10055955
10039933
10050287
10022087
10073749
10051034
10095602
10044703
10019731
10005644
10061090
10006704
10046080
10094428
10037857
10027716
10056458
10064925
10004228
10095174
10082512
10008226
10070138
10052507
10041256
10042425
10067640
10080130
10071218
10019761
10045218
10043525
10076046
10011858
10065612
10049795
10062892
10077566
10010851
10082623
10099563
10071941
10005679
10061995
10066370
10043537
10006064
10039180
10024814
10010292
10050706
10007327
10034870
10020844
10059834
10092478
10079622
10043826
10088960
10067192
10063587
10034178
10010717
10039633
10046036
10092681
10005781
10025280
10086599
10032984
10024255
10002514
10004925
10029935
10064510
10087647
10089824
10070574
10043179
10014638
10097218
10010238
10038317
10048440
10031082
10014503
10040918
10027056
10074681
10029878
10094248
10038268
10080408
10004965
10094254
10042797
10013998
10016387
10068077
10000598
10049371
10008685
10003112
10070648
10038620
10067622
10074648
10044796
10054548
10017827
10075786
10051766
10028065
10014104
10016558
10075500
10044959
10057476
10002556
10019641
10003706
10096805
10074261
10084115
10018122
10084867
10043264
10032121
10001254
10027693
10032719
10066977
10036378
10052183
10037626
10091350
10019806
10012274
10036146
10090706
10046453
10011933
10058825
10074519
10042389
10075383
10066371
10003700
10032860
10068927
10023341
10052918
10082084
10013955
10053385
10016559
10098822
10096649
10048680
10000077
10024343
10097751
10067054
10060721
10049934
10021032
10052072
10086092
10049658
10088218
10076799
10096112
10016503
10051976
10086983
10075244
10027359
10053354
10078945
10076571
10038633
10002286
10029490
10037070
10016241
10082875
10053629
10015064
10095877
10018661
10031493
10020220
10032764
10014899
10097293
10082698
10052284
10049365
10085143
10001942
10053936
10078294
10098054
10086791
10030270
10085037
10062036
10057629
10054743
10040981
10050553
10009729
10059619
10080043
10046799
10075861
10079270
10016780
10007277
10075147
10051793
10055122
10011719
10084557
10086373
10009013
10083607
10038657
10074730
10068750
10040600
10028666
10063396
10038654
10015458
10093666
10040044
10093846
10067648
10011139
10034827
10018201
10020868
10094446
10014596
10084019
10086659
10010218
10017151
10010288
10001718
10068944
10065410
10013437
10053501
10051784
10038802
10037109
10090441
10013533
10022211
10031041
10058551
10085608
10086048
10090361
10095626
10026092
10084207
10079626
10053583
10019034
10097827
10074452
10029833
10028775
10074823
10016492
10055346
10091975
10026781
10057064
10077271
10008543
10086853
10030773
10060327
10025656
10084234
10067121
10055541
10022797
10098162
10014092
10024757
10000562
10020806
10020384
10026654
10005013
10000010
10096590
10040400
10014190
10087394
10070233
10059317
10062217
10003077
10014663
10070544
10029858
10071727
10047816
10038402
10058581
10094941
10015081
10000589
10079175
10082202
10056130
10018324
10096717
10086574
10043082
10097279
10007380
10079818
10040286
10012394
10079828
10036876
10069146
10010370
10024270
10039379
10069688
10002839
10042456
10000703
10073384
10088667
10072431
10021200
10043421
10047364
10016141
10058502
10064305
10011668
10040705
10020435
10046344
10037422
10007009
10089426
10034701
10014390
10069244
10074987
10043136
10065425
10028215
10012282
10092147
10052485
10068013
10078187
10055325
10026821
10078891
10045061
10015488
10067674
10082613
10075261
10031390
10015106
10033764
10095695
10026774
10090821
10016130
10089470
10044595
10039491
10078897
10095648
10053881
10064493
10086988
10013369
10046270
10015203
10025651
10038418
10084041
10093664
10016605
10055718
10036838
10011848
10000779
10068678
10079522
10083392
10043940
10010912
10098498
10094056
10022959
10041624
10084877
10055441
10031094
10045824
10094933
10026343
10041472
10065166
10090837
10028460
10078536
10037107
10060016
10004187
10091877
10044057
10014204
10008483
10099775
10067394
10020331
10016906
10036072
10016206
10000298
10080012
10043470
10015148
10074068
10066430
10073124
10075297
10021871
10004218
10021121
10016804
10046914
10078946
10081971
10054103
10007406
10076859
10091210
10067422
10097398
10083088
10027831
10011602
10007923
10043958
10078996
10044606
10060864
10031421
10060812
10061162
10011433
10004283
10092662
10001854
10070713
10065786
10077151
10008936
10086357
10014625
10042093
10033271
10093571
10040416
10087374
10017329
10017275
10094936
10001104
10014673
10094376
10028935
10042628
10002299
10072894
10037976
10063258
10033758
10069397
10024070
10011273
10080831
10044705
10003935
10099037
10031770
10069722
10092540
10040707
10056079
10007165
10082800
10005702
10017088
10023216
10093076
10034418
10056843
10088012
10051874
10071516
10098741
10080809
10014144
10017392
10070055
10052121
10080650
10020166
10021518
10004721
10047791
10018701
10065778
10068078
10017738
10097549
10054152
10010279
10054608
10010231
10033796
10037408
10032285
10050885
10076976
10025361
10001655
10033819
10029726
10053529
10021687
10028467
10050690
10052184
10062211
10037098
10004305
10042862
10057264
10042175
10063935
10005055
10077229
10029713
10089485
10094967
10027262
10043638
10021598
10081870
10053869
10071747
10035630
10002507
10038984
10028958
10044220
10040639
10079129
10073946
10010520
10000817
10018765
10061210
10069353
10080977
10098308
10090010
10040191
10071924
10032185
10004126
10093331
10009414
10050191
10082817
10020734
10093806
10026455
10058684
10092028
10096676
10030431
10027659
10099183
10069415
10072969
10043404
10026406
10052099
10033702
10036926
10069268
10068820
10014489
10054973
10066149
10029149
10044983
10006340
10001074
10077168
10026818
10094405
10002935
10077009
10077222
10040021
10070815
10020029
10098705
10062844
10016706
10029137
10006855
10032241
10014904
10096176
10075645
10041311
10064627
10025700
10094589
10050247
10094520
10009078
10005220
10060669
10038228
10050203
10067009
10055654
10027372
10093827
10066411
10046659
10087188
10059986
10086680
10058004
10080015
10001737
10037200
10096721
10047226
10060407
10045315
10062131
10056583
10020960
10019794
10021211
10046660
10030735
10071458
10041180
10056166
10093031
10018201
10010746
10043234
10085210
10066400
10086958
10095389
10032811
10033617
10098930
10092797
10036649
10056934
10089165
10038387
10010486
10002238
10085613
10087245
10047553
10064096
10043828
10068514
10000242
10081391
10031526
10030978
10069202
10089059
10087144
10062233
10007260
10097890
10021819
10008823
10080642
10008778
10020564
10029805
10058747
10019494
10022603
10011749
10092780
10011768
10050136
10003266
10014006
10052101
10006863
10077912
10032550
10050692
10046426
10032792
10048435
10094304
10080122
10033989
10083363
10067266
10012574
10006976
10081508
10034394
10015799
10078502
10043172
10036363
10008308
10018271
10072210
10047263
10030020
10064990
10075383
10096508
10084609
10005741
10064962
10091472
10083653
10097512
10058516
10046431
10030304
10006952
10040736
10010427
10057293
10040451
10094045
10069868
10047427
10091906
10004262
10079578
10070408
10063786
10032294
10095068
10082057
10004504
10042331
10028430
10085846
10017714
10024938
10070455
10023456
10089900
10061928
10007109
10003764
10020444
10069893
10034069
10043748
10010629
10060848
10001042
10051080
10054893
10070910
10014860
10063151
10075172
10010790
10033560
10055310
10043084
10028628
10037367
10063940
10087312
10082149
10049787
10005026
10023440
10020242
10044834
10013340
10098522
10068296
10017105
10018967
10038189
10067526
10079067
10048818
10028374
10080109
10016250
10099619
10067371
10047462
10062771
10058895
10058253
10012683
10014205
10017689
10057663
10067925
10081630
10044975
10050074
10047769
10050002
10073514
10068011
10011188
10003207
10082886
10079484
10036664
10018205
10017673
10020542
10097272
10082843
10065268
10093734
10015446
10064887
10061105
10062908
10044010
10020001
10021161
10073045
10050558
10038851
10030709
10018483
10036833
10075684
10068558
10084602
10042038
10058424
10068965
10053227
10077983
10051851
10049063
10014647
10070056
10083089
10035189
10083681
10065932
10016809
10077415
10097730
10081697
10054872
10060639
10042059
10074873
10098152
10015105
10025432
10037003
10062166
10060267
10090188
10054202
10045177
10074790
10096241
10003602
10043756
10065820
10081585
10095607
10031235
10012585
10082016
10014324
10064126
10065697
10096609
10080936
10059464
10094339
10078985
10014336
10071330
10037396
10005562
10069483
10068853
10047346
10022838
10031019
10007613
10013027
10085222
10052791
10087817
10097815
10072745
10047925
10079987
10070682
10059885
10011222
10083267
10041901
10041899
10063746
10023950
10038508
10044682
10083414
10049199
10023667
10097750
10020530
10077415
10019664
10090013
10046269
10067010
10012851
10077288
10074624
10042230
10078862
10043767
10046400
10093029
10016512
10094325
10073016
10087194
10054210
10000591
10086814
10012463
10042490
10050560
10052765
10080998
10011594
10036179
10046549
